r, offset_x, offset_y, offset_z
0.001, -0.0345591, 0.0780776, 0.231793
0.002, -0.0179291, 0.070286, 0.239659
0.004, -0.000197141, 0.061148, 0.238559
0.002, 0.0149308, 0.0525735, 0.228722
0.001, 0.0242929, 0.0463547, 0.212205
0.002, -0.00173838, 0.0623071, 0.242825
0.001, 0.0159768, 0.0531612, 0.241536
0.001, 0.0310147, 0.0446183, 0.231535
0.001, 0.0402324, 0.0384638, 0.214913
0.002, 0.0417033, 0.0359842, 0.195143
0.001, 0.0314004, 0.0448293, 0.236196
0.002, 0.046347, 0.0363187, 0.226032
0.002, 0.0554195, 0.0302293, 0.209306
0.001, 0.0567216, 0.0278337, 0.189515
0.005, 0.0499814, 0.0296328, 0.170794
0.003, 0.0576483, 0.0294464, 0.213348
0.001, 0.0665747, 0.0234225, 0.19652
0.001, 0.0677081, 0.0211113, 0.176708
0.003, 0.0608114, 0.0229958, 0.158053
0.002, 0.0473263, 0.0286822, 0.144453
0.001, 0.0712951, 0.0195048, 0.179252
0.002, 0.0722595, 0.0172781, 0.159422
0.001, 0.0652072, 0.0192478, 0.140833
0.002, 0.0516121, 0.0250024, 0.127372
0.001, 0.0343157, 0.0333391, 0.121852
0.001, 0.0184058, 0.0520467, 0.242954
0.001, 0.0361534, 0.0429177, 0.242047
0.003, 0.0513723, 0.0343117, 0.23238
0.002, 0.0608817, 0.0280272, 0.215972
0.001, 0.062694, 0.025378, 0.196253
0.001, 0.051678, 0.0345639, 0.237045
0.002, 0.0668083, 0.0259886, 0.227212
0.002, 0.0761741, 0.0197681, 0.210698
0.001, 0.077818, 0.0172024, 0.190953
0.002, 0.0713963, 0.0188279, 0.172105
0.002, 0.0783346, 0.0190239, 0.214784
0.001, 0.0875561, 0.0128678, 0.198165
0.001, 0.0890314, 0.010386, 0.178396
0.001, 0.0824521, 0.0120972, 0.15961
0.002, 0.0691935, 0.0176438, 0.145733
0.002, 0.0925766, 0.0088073, 0.181015
0.002, 0.0938832, 0.00640957, 0.161224
0.003, 0.087147, 0.0082064, 0.142501
0.003, 0.073776, 0.0138222, 0.12876
0.002, 0.0565647, 0.0220834, 0.122873
0.001, 0.0913058, 0.00613664, 0.143082
0.002, 0.0844133, 0.00801891, 0.124425
0.002, 0.0709311, 0.0137035, 0.110822
0.001, 0.053677, 0.0220023, 0.105115
0.001, 0.0362573, 0.0311807, 0.108499
0.002, 0.0695057, 0.0246232, 0.227327
0.001, 0.0848141, 0.0159864, 0.21783
0.001, 0.0944699, 0.00963703, 0.201533
0.003, 0.0964549, 0.00690217, 0.181842
0.001, 0.0903542, 0.00835342, 0.162874
0.001, 0.0965612, 0.00893187, 0.205662
0.001, 0.106074, 0.00264579, 0.189257
0.003, 0.107891, -5.68969e-06, 0.169539
0.003, 0.101632, 0.00153161, 0.150628
0.002, 0.0886044, 0.00693637, 0.136479
0.003, 0.111393, -0.00155594, 0.172231
0.002, 0.113042, -0.0041238, 0.152487
0.001, 0.106624, -0.0025006, 0.133637
0.001, 0.0934819, 0.00297442, 0.119621
0.003, 0.0763621, 0.0111569, 0.113368
0.001, 0.110775, -0.00455868, 0.134307
0.003, 0.1042, -0.00284972, 0.115519
0.001, 0.0909444, 0.00269506, 0.101638
0.001, 0.0737787, 0.0109167, 0.0955657
0.002, 0.0562906, 0.020097, 0.0985704
0.001, 0.0948415, 0.00057685, 0.100141
0.002, 0.0814734, 0.00619088, 0.0863962
0.001, 0.0642633, 0.014451, 0.080504
0.001, 0.0468081, 0.0236308, 0.0836956
0.003, 0.0327562, 0.0318116, 0.0953039
0.002, 0.1085, 0.00130309, 0.188045
0.002, 0.118301, -0.00511061, 0.17186
0.001, 0.120458, -0.00793077, 0.1522
0.001, 0.114521, -0.00656797, 0.133173
0.001, 0.10173, -0.00130705, 0.118756
0.002, 0.123916, -0.00945202, 0.154965
0.001, 0.125905, -0.0121891, 0.135275
0.002, 0.119809, -0.0107401, 0.116305
0.002, 0.106901, -0.00540793, 0.102019
0.002, 0.0898788, 0.00269296, 0.0954037
0.001, 0.123951, -0.0127857, 0.117064
0.004, 0.117696, -0.0112507, 0.0981523
0.001, 0.104672, -0.0058478, 0.083999
0.001, 0.0876005, 0.00229375, 0.0775623
0.001, 0.0700506, 0.0114723, 0.0801874
0.001, 0.108597, -0.00797284, 0.0825868
0.002, 0.0954577, -0.00249966, 0.0685672
0.004, 0.0783391, 0.00568181, 0.0623098
0.003, 0.0608189, 0.0148616, 0.0651224
0.003, 0.0465589, 0.0231211, 0.0764171
0.001, 0.0811935, 0.00393967, 0.0590335
0.001, 0.064029, 0.0121603, 0.052956
0.002, 0.0465401, 0.0213405, 0.0559558
0.003, 0.0323821, 0.0295616, 0.0674058
0.001, 0.0245141, 0.0351052, 0.0849129
0.001, 0.127572, -0.0132399, 0.132979
0.002, 0.129902, -0.0161452, 0.113351
0.001, 0.124129, -0.0148709, 0.0942676
0.001, 0.111459, -0.0096836, 0.0797173
0.001, 0.0945416, -0.00166735, 0.0727414
0.003, 0.12826, -0.0169034, 0.0951152
0.001, 0.122327, -0.0155429, 0.0760866
0.001, 0.109539, -0.0102838, 0.0616662
0.001, 0.0925694, -0.00222543, 0.0548678
0.001, 0.0749641, 0.00694805, 0.0571124
0.001, 0.113491, -0.0124149, 0.0603398
0.002, 0.100586, -0.00708462, 0.0460505
0.004, 0.0835654, 0.00101519, 0.0394303
0.001, 0.0659866, 0.0101916, 0.0418628
0.003, 0.0515238, 0.0185267, 0.0528396
0.003, 0.0864779, -0.000750923, 0.0362185
0.001, 0.0694081, 0.00738956, 0.0297771
0.001, 0.0518574, 0.0165681, 0.0323973
0.001, 0.037494, 0.0248662, 0.0435314
0.002, 0.0293199, 0.0305497, 0.0608525
0.001, 0.0530971, 0.0155511, 0.0279988
0.002, 0.0355761, 0.0247309, 0.0308064
0.004, 0.0213134, 0.0329914, 0.042097
0.002, 0.01329, 0.0386061, 0.0595107
0.001, 0.0131829, 0.0404015, 0.079408
0.001, -0.038523, 0.0673433, 0.232732
0.002, -0.0203832, 0.0636404, 0.240241
0.004, -0.00104124, 0.0588621, 0.238759
0.002, 0.0154602, 0.0540071, 0.228597
0.001, 0.0256722, 0.0500901, 0.211878
0.002, -0.00272242, 0.0596423, 0.243058
0.002, 0.0166011, 0.0548519, 0.241388
0.005, 0.0330044, 0.0500063, 0.231063
0.005, 0.0430589, 0.0461182, 0.214243
0.003, 0.0446634, 0.0440002, 0.194442
0.005, 0.0334251, 0.0503122, 0.235716
0.005, 0.0497287, 0.0454765, 0.22523
0.005, 0.0596249, 0.0416176, 0.20831
0.005, 0.0610453, 0.0395423, 0.18849
0.005, 0.053693, 0.0396841, 0.169914
0.005, 0.062056, 0.0413828, 0.212304
0.005, 0.0717929, 0.0375536, 0.195284
0.005, 0.0730292, 0.035521, 0.175448
0.005, 0.0655064, 0.0357099, 0.156941
0.003, 0.0507969, 0.0380807, 0.143631
0.005, 0.0769418, 0.0347964, 0.177914
0.005, 0.0779938, 0.0328068, 0.158063
0.005, 0.0703012, 0.0330427, 0.139626
0.005, 0.0554718, 0.0354547, 0.126458
0.001, 0.036605, 0.0395388, 0.12131
0.001, 0.0192507, 0.0543347, 0.242754
0.001, 0.0386096, 0.0495692, 0.241465
0.005, 0.0552103, 0.044705, 0.231471
0.005, 0.065583, 0.0407586, 0.214858
0.005, 0.0675598, 0.0385549, 0.1951
0.001, 0.0555437, 0.0450324, 0.236129
0.003, 0.0720477, 0.0401771, 0.225971
0.005, 0.0822639, 0.0362593, 0.209255
0.005, 0.084057, 0.0340978, 0.189475
0.005, 0.0770523, 0.0341444, 0.170765
0.005, 0.0846205, 0.0360463, 0.213295
0.005, 0.0946792, 0.0321574, 0.196477
0.005, 0.0962884, 0.0300383, 0.176677
0.005, 0.0891119, 0.030132, 0.158032
0.005, 0.0746495, 0.0324187, 0.14444
0.005, 0.100156, 0.0293313, 0.179219
0.005, 0.101581, 0.0272548, 0.1594
0.005, 0.0942331, 0.0273955, 0.140822
0.005, 0.079648, 0.0297238, 0.127369
0.005, 0.0608741, 0.0337533, 0.121852
0.005, 0.0987694, 0.0263482, 0.141314
0.005, 0.0912511, 0.0265359, 0.122805
0.005, 0.0765448, 0.0289056, 0.109492
0.005, 0.0577242, 0.0329622, 0.104157
0.001, 0.0387229, 0.0378578, 0.107914
0.003, 0.0749901, 0.0394749, 0.226028
0.002, 0.0916883, 0.0346019, 0.216201
0.005, 0.102221, 0.0306265, 0.199697
0.005, 0.104386, 0.0283797, 0.179963
0.005, 0.0977314, 0.028331, 0.161126
0.003, 0.104502, 0.0304356, 0.20378
0.004, 0.114879, 0.0264884, 0.187171
0.005, 0.11686, 0.0242836, 0.167413
0.005, 0.110033, 0.024282, 0.148638
0.005, 0.0958227, 0.0264838, 0.134768
0.005, 0.120681, 0.0235945, 0.17003
0.005, 0.122479, 0.0214318, 0.150251
0.005, 0.115478, 0.0214772, 0.131539
0.005, 0.101143, 0.023721, 0.117806
0.005, 0.082469, 0.0276944, 0.111921
0.005, 0.120006, 0.0204398, 0.13212
0.005, 0.112834, 0.0205321, 0.113474
0.005, 0.0983752, 0.0228178, 0.0998779
0.005, 0.0796509, 0.026819, 0.0941744
0.005, 0.0605751, 0.0316995, 0.0975553
0.005, 0.102626, 0.0216578, 0.0982964
0.005, 0.0880443, 0.023985, 0.0848394
0.005, 0.0692716, 0.0280138, 0.0793174
0.005, 0.0502317, 0.0329019, 0.0828844
0.003, 0.034904, 0.0376278, 0.0947951
0.004, 0.117524, 0.025742, 0.185906
0.004, 0.128215, 0.0217381, 0.169511
0.005, 0.130569, 0.0194484, 0.149804
0.005, 0.124092, 0.0193514, 0.130905
0.005, 0.11014, 0.0214675, 0.116763
0.004, 0.13434, 0.0187773, 0.152495
0.005, 0.13651, 0.0165294, 0.132763
0.005, 0.12986, 0.0164794, 0.113924
0.005, 0.11578, 0.0186379, 0.0999155
0.005, 0.0972128, 0.0225537, 0.0936661
0.005, 0.134378, 0.0154522, 0.114594
0.005, 0.127555, 0.0154493, 0.0958164
0.005, 0.113349, 0.01765, 0.0819432
0.005, 0.0947277, 0.0215943, 0.0758737
0.005, 0.0755844, 0.026458, 0.0788763
0.005, 0.11763, 0.01649, 0.0804465
0.005, 0.103298, 0.0187327, 0.0667096
0.005, 0.0846254, 0.0227053, 0.0608205
0.005, 0.0655145, 0.0275775, 0.0640099
0.005, 0.0499598, 0.0323309, 0.0756113
0.005, 0.087739, 0.021665, 0.0574827
0.005, 0.0690161, 0.0256655, 0.0517744
0.005, 0.0499393, 0.0305458, 0.0551504
0.005, 0.0344959, 0.0352859, 0.066905
0.001, 0.0259136, 0.038895, 0.0845814
0.004, 0.138329, 0.0158884, 0.130431
0.004, 0.14087, 0.013556, 0.110753
0.005, 0.134573, 0.0134107, 0.0917933
0.005, 0.120753, 0.0154831, 0.0775155
0.005, 0.102299, 0.0193398, 0.0709035
0.004, 0.139079, 0.012394, 0.092552
0.003, 0.132607, 0.0122958, 0.0736511
0.005, 0.118658, 0.0144108, 0.0595057
0.005, 0.100148, 0.0182968, 0.0530723
0.005, 0.080944, 0.0231418, 0.0556956
0.003, 0.122969, 0.0132513, 0.0580943
0.003, 0.108892, 0.0154087, 0.0440826
0.005, 0.0903262, 0.0193237, 0.0378285
0.005, 0.0711514, 0.0241781, 0.0406391
0.005, 0.0553755, 0.0289572, 0.051927
0.004, 0.0935031, 0.0182737, 0.0345541
0.002, 0.0748836, 0.0222173, 0.0284798
0.004, 0.0557394, 0.0270807, 0.0314775
0.005, 0.040072, 0.0318473, 0.0429207
0.005, 0.0311557, 0.0355211, 0.0604176
0.001, 0.0570916, 0.0263685, 0.0270524
0.002, 0.0379799, 0.0312405, 0.0302369
0.004, 0.0224222, 0.0359942, 0.0418343
0.002, 0.0136704, 0.0396363, 0.0594206
0.001, 0.0135536, 0.0414053, 0.0793202
0.002, -0.0398689, 0.0559846, 0.233726
0.002, -0.0212164, 0.0566083, 0.240856
0.004, -0.00132787, 0.0564433, 0.23897
0.002, 0.0156399, 0.0555241, 0.228464
0.001, 0.0261406, 0.0540427, 0.211532
0.002, -0.00305656, 0.0568225, 0.243305
0.003, 0.0168131, 0.0566411, 0.241231
0.005, 0.03368, 0.0557078, 0.230565
0.005, 0.0440187, 0.0542178, 0.213534
0.003, 0.0456685, 0.0524825, 0.1937
0.005, 0.0341126, 0.0561141, 0.235208
0.005, 0.050877, 0.0551669, 0.224383
0.005, 0.0610529, 0.0536685, 0.207255
0.005, 0.0625134, 0.0519319, 0.187406
0.005, 0.0549534, 0.0503201, 0.168984
0.005, 0.0635527, 0.0540134, 0.211199
0.005, 0.0735648, 0.0525066, 0.193976
0.005, 0.074836, 0.0507689, 0.174114
0.005, 0.0671006, 0.0491635, 0.155764
0.003, 0.0519754, 0.048026, 0.142761
0.005, 0.0788592, 0.0509775, 0.176499
0.005, 0.079941, 0.0492389, 0.156625
0.005, 0.0720309, 0.0476399, 0.138349
0.005, 0.0567824, 0.046515, 0.12549
0.001, 0.0373824, 0.0460991, 0.120736
0.001, 0.0195376, 0.0567557, 0.242542
0.001, 0.0394437, 0.0566076, 0.24085
0.005, 0.0565135, 0.0557028, 0.230509
0.005, 0.0671794, 0.0542305, 0.21368
0.005, 0.0692121, 0.0524983, 0.193881
0.002, 0.0568563, 0.0561098, 0.23516
0.004, 0.0738268, 0.0551909, 0.224658
0.005, 0.0843317, 0.0537098, 0.207729
0.005, 0.0861755, 0.051976, 0.187911
0.005, 0.0789728, 0.0503519, 0.169347
0.005, 0.0867549, 0.0540589, 0.211719
0.005, 0.0970979, 0.0525691, 0.194691
0.005, 0.0987527, 0.0508339, 0.174857
0.005, 0.0913733, 0.0492158, 0.156362
0.005, 0.0765021, 0.0480531, 0.143072
0.005, 0.102729, 0.0510492, 0.177319
0.005, 0.104195, 0.0493127, 0.15747
0.005, 0.0966392, 0.0477008, 0.139046
0.005, 0.0816419, 0.0465504, 0.125897
0.005, 0.0623374, 0.0461021, 0.120771
0.005, 0.101304, 0.0477355, 0.139443
0.005, 0.093573, 0.04613, 0.121091
0.005, 0.078451, 0.0449921, 0.108084
0.005, 0.0590985, 0.0445597, 0.103142
0.002, 0.0395602, 0.0449232, 0.107296
0.004, 0.0768523, 0.0551905, 0.224653
0.004, 0.0940225, 0.0543002, 0.214478
0.005, 0.104853, 0.052837, 0.197753
0.005, 0.107079, 0.0511066, 0.177975
0.005, 0.100236, 0.0494707, 0.159276
0.005, 0.107198, 0.0531901, 0.20179
0.005, 0.117868, 0.051718, 0.184963
0.005, 0.119906, 0.0499859, 0.165165
0.005, 0.112885, 0.0483557, 0.146532
0.005, 0.0982738, 0.0471682, 0.132959
0.005, 0.123834, 0.0502078, 0.167702
0.005, 0.125683, 0.0484741, 0.147885
0.005, 0.118485, 0.0468498, 0.129319
0.005, 0.103745, 0.0456745, 0.115885
0.005, 0.0845426, 0.0451938, 0.11039
0.005, 0.123141, 0.0468923, 0.129806
0.005, 0.115766, 0.0452741, 0.111309
0.005, 0.100898, 0.0441111, 0.098015
0.005, 0.0816449, 0.0436463, 0.0927022
0.005, 0.0620299, 0.043977, 0.0964812
0.005, 0.105269, 0.0439649, 0.0963448
0.005, 0.0902755, 0.0428143, 0.0831921
0.005, 0.0709723, 0.0423655, 0.0780618
0.005, 0.0513942, 0.0427123, 0.0820261
0.003, 0.0356333, 0.0437824, 0.0942566
0.005, 0.120589, 0.0516026, 0.183644
0.005, 0.131582, 0.0501486, 0.167026
0.005, 0.134002, 0.0484202, 0.14727
0.005, 0.127342, 0.0467786, 0.128506
0.005, 0.112996, 0.0455668, 0.114655
0.005, 0.13788, 0.0486487, 0.149882
0.005, 0.140111, 0.0469184, 0.130104
0.005, 0.133273, 0.0452823, 0.111404
0.005, 0.118795, 0.0440825, 0.0976893
0.005, 0.0997032, 0.0435697, 0.0918274
0.005, 0.137919, 0.0453327, 0.111979
0.005, 0.130903, 0.0437024, 0.0933446
0.005, 0.116295, 0.0425146, 0.0797679
0.005, 0.0971478, 0.0420176, 0.0740869
0.005, 0.0774634, 0.0423153, 0.077489
0.005, 0.120698, 0.0423758, 0.0781818
0.005, 0.105961, 0.0412002, 0.064744
0.005, 0.08676, 0.0407191, 0.0592445
0.005, 0.067109, 0.0410331, 0.0628327
0.005, 0.0511147, 0.0420765, 0.0747587
0.005, 0.0899616, 0.0404214, 0.0558417
0.005, 0.0707095, 0.0399562, 0.0505242
0.005, 0.0510935, 0.0402865, 0.0542982
0.005, 0.0352137, 0.0413431, 0.066375
0.001, 0.0263888, 0.0429053, 0.0842305
0.005, 0.141981, 0.0467111, 0.127734
0.005, 0.144594, 0.0449848, 0.108003
0.005, 0.138119, 0.0433376, 0.089175
0.005, 0.123908, 0.0421137, 0.0751856
0.005, 0.104933, 0.041569, 0.0689587
0.005, 0.142753, 0.0433957, 0.0898397
0.005, 0.136098, 0.0417539, 0.0710738
0.005, 0.121755, 0.0405419, 0.0572195
0.005, 0.102721, 0.0400129, 0.0511724
0.005, 0.0829745, 0.0402775, 0.0541964
0.005, 0.126187, 0.0404105, 0.0557182
0.005, 0.111713, 0.0392104, 0.0420002
0.005, 0.0926219, 0.0386972, 0.0361336
0.005, 0.0729052, 0.0389781, 0.0393443
0.005, 0.0566834, 0.0399945, 0.0509614
0.005, 0.0958886, 0.0384049, 0.0327929
0.003, 0.0767428, 0.0379075, 0.0271071
0.005, 0.0570576, 0.0382048, 0.0305043
0.005, 0.0409473, 0.0392346, 0.0422744
0.005, 0.0317791, 0.0407816, 0.0599574
0.002, 0.058448, 0.0378151, 0.0260509
0.002, 0.0387961, 0.0381287, 0.0296343
0.004, 0.0227988, 0.0391718, 0.0415563
0.003, 0.0137996, 0.0407264, 0.0593252
0.001, 0.0136794, 0.0424676, 0.0792273
0.001, -0.038523, 0.0446259, 0.23472
0.002, -0.0203832, 0.0495762, 0.241471
0.004, -0.00104126, 0.0540245, 0.239182
0.002, 0.0154602, 0.0570411, 0.228331
0.001, 0.0256723, 0.0579954, 0.211187
0.002, -0.00272243, 0.0540027, 0.243551
0.002, 0.0166011, 0.0584302, 0.241075
0.005, 0.0330044, 0.0614093, 0.230066
0.005, 0.043059, 0.0623175, 0.212826
0.003, 0.0446634, 0.0609649, 0.192958
0.005, 0.0334252, 0.0619159, 0.234701
0.005, 0.0497288, 0.0648574, 0.223535
0.005, 0.059625, 0.0657193, 0.206201
0.005, 0.0610453, 0.0643215, 0.186322
0.005, 0.0536931, 0.0609562, 0.168053
0.005, 0.0620561, 0.0666441, 0.210094
0.005, 0.071793, 0.0674597, 0.192668
0.005, 0.0730292, 0.0660168, 0.17278
0.005, 0.0655065, 0.0626172, 0.154587
0.003, 0.050797, 0.0579712, 0.141891
0.005, 0.0769419, 0.0671587, 0.175083
0.005, 0.0779939, 0.0656709, 0.155188
0.005, 0.0703013, 0.0622372, 0.137072
0.005, 0.0554719, 0.0575752, 0.124523
0.001, 0.0366051, 0.0526594, 0.120162
0.001, 0.0192507, 0.0591768, 0.24233
0.001, 0.0386097, 0.063646, 0.240234
0.005, 0.0552104, 0.0667007, 0.229546
0.005, 0.0655831, 0.0677024, 0.212501
0.005, 0.0675599, 0.0664417, 0.192661
0.001, 0.0555438, 0.0671872, 0.234191
0.003, 0.0720478, 0.0702047, 0.223344
0.005, 0.082264, 0.0711603, 0.206202
0.005, 0.0840571, 0.0698542, 0.186347
0.005, 0.0770524, 0.0665594, 0.167929
0.005, 0.0846206, 0.0720715, 0.210143
0.005, 0.0946793, 0.0729809, 0.192906
0.005, 0.0962886, 0.0716295, 0.173038
0.005, 0.089112, 0.0682997, 0.154693
0.005, 0.0746496, 0.0636875, 0.141704
0.005, 0.100156, 0.0727672, 0.175419
0.005, 0.101581, 0.0713705, 0.15554
0.005, 0.0942332, 0.0680061, 0.137269
0.005, 0.0796481, 0.0633771, 0.124425
0.005, 0.0608742, 0.0584509, 0.119691
0.005, 0.0987695, 0.0691228, 0.137572
0.005, 0.0912512, 0.0657241, 0.119377
0.005, 0.0765449, 0.0610785, 0.106677
0.005, 0.0577243, 0.0561572, 0.102127
0.001, 0.038723, 0.0519887, 0.106678
0.003, 0.0749901, 0.0709061, 0.223278
0.002, 0.0916884, 0.0739986, 0.212754
0.005, 0.102221, 0.0750475, 0.19581
0.005, 0.104386, 0.0738335, 0.175987
0.005, 0.0977315, 0.0706104, 0.157427
0.003, 0.104502, 0.0759447, 0.199799
0.004, 0.114879, 0.0769476, 0.182756
0.005, 0.116861, 0.0756881, 0.162916
0.005, 0.110033, 0.0724294, 0.144426
0.005, 0.0958228, 0.0678527, 0.131149
0.005, 0.120681, 0.0768212, 0.165374
0.005, 0.122479, 0.0755163, 0.145519
0.005, 0.115478, 0.0722224, 0.1271
0.005, 0.101143, 0.067628, 0.113965
0.005, 0.0824691, 0.0626933, 0.108859
0.005, 0.120007, 0.0733449, 0.127492
0.005, 0.112834, 0.0700161, 0.109144
0.005, 0.0983753, 0.0654043, 0.0961521
0.005, 0.079651, 0.0604736, 0.09123
0.005, 0.0605752, 0.0562544, 0.095407
0.005, 0.102626, 0.0662721, 0.0943932
0.005, 0.0880444, 0.0616435, 0.0815447
0.005, 0.0692717, 0.0567172, 0.0768061
0.005, 0.0502318, 0.0525228, 0.0811678
0.003, 0.034904, 0.049937, 0.0937182
0.004, 0.117524, 0.0774631, 0.181381
0.004, 0.128215, 0.0785591, 0.16454
0.005, 0.130569, 0.077392, 0.144735
0.005, 0.124092, 0.0742057, 0.126106
0.005, 0.11014, 0.0696662, 0.112546
0.004, 0.134341, 0.0785202, 0.147268
0.005, 0.136511, 0.0773074, 0.127445
0.005, 0.129861, 0.0740852, 0.108884
0.005, 0.11578, 0.0695271, 0.0954632
0.005, 0.0972129, 0.0645858, 0.0899888
0.005, 0.134379, 0.0752132, 0.109365
0.005, 0.127555, 0.0719555, 0.0908727
0.005, 0.113349, 0.0673792, 0.0775925
0.005, 0.0947278, 0.0624409, 0.0723001
0.005, 0.0755845, 0.0581727, 0.0761016
0.005, 0.11763, 0.0682617, 0.0759171
0.005, 0.103298, 0.0636677, 0.0627783
0.005, 0.0846255, 0.0587329, 0.0576685
0.005, 0.0655146, 0.0544887, 0.0616555
0.005, 0.0499599, 0.0518221, 0.0739061
0.005, 0.0877391, 0.0591778, 0.0542008
0.005, 0.0690161, 0.054247, 0.0492739
0.005, 0.0499394, 0.0500272, 0.053446
0.005, 0.0344959, 0.0474003, 0.0658451
0.001, 0.0259136, 0.0469155, 0.0838797
0.004, 0.138329, 0.0775338, 0.125038
0.004, 0.14087, 0.0764136, 0.105253
0.005, 0.134573, 0.0732644, 0.0865568
0.005, 0.120753, 0.0687443, 0.0728557
0.005, 0.102299, 0.0637981, 0.0670139
0.004, 0.139079, 0.0743974, 0.0871274
0.003, 0.132608, 0.071212, 0.0684966
0.005, 0.118659, 0.066673, 0.0549333
0.005, 0.100148, 0.0617289, 0.0492725
0.005, 0.0809441, 0.0574132, 0.0526972
0.003, 0.122969, 0.0675697, 0.0533421
0.003, 0.108892, 0.0630121, 0.0399179
0.005, 0.0903263, 0.0580707, 0.0344386
0.005, 0.0711515, 0.0537782, 0.0380495
0.005, 0.0553755, 0.0510318, 0.0499958
0.004, 0.0935033, 0.0585361, 0.0310316
0.002, 0.0748837, 0.0535977, 0.0257344
0.004, 0.0557395, 0.0493289, 0.0295311
0.005, 0.040072, 0.0466218, 0.0416281
0.005, 0.0311558, 0.0460422, 0.0594971
0.001, 0.0570917, 0.0492618, 0.0250495
0.002, 0.0379799, 0.0450169, 0.0290316
0.004, 0.0224223, 0.0423493, 0.0412783
0.002, 0.0136704, 0.0418165, 0.0592299
0.001, 0.0135536, 0.0435298, 0.0791343
0.001, -0.0345592, 0.0338916, 0.235659
0.002, -0.0179292, 0.0429307, 0.242053
0.004, -0.000197166, 0.0517386, 0.239382
0.002, 0.0149308, 0.0584747, 0.228206
0.001, 0.0242929, 0.0617308, 0.21086
0.002, -0.00173841, 0.0513379, 0.243784
0.001, 0.0159768, 0.0601209, 0.240927
0.001, 0.0310148, 0.0667974, 0.229594
0.001, 0.0402325, 0.0699719, 0.212156
0.002, 0.0417033, 0.0689809, 0.192257
0.001, 0.0314005, 0.0673989, 0.234221
0.002, 0.0463471, 0.0740152, 0.222734
0.002, 0.0554196, 0.0771077, 0.205205
0.001, 0.0567218, 0.07603, 0.185298
0.005, 0.0499815, 0.0710075, 0.167174
0.003, 0.0576484, 0.0785805, 0.209049
0.001, 0.0665749, 0.0815907, 0.191431
0.001, 0.0677082, 0.0804266, 0.171519
0.003, 0.0608116, 0.0753312, 0.153474
0.002, 0.0473264, 0.0673698, 0.141069
0.001, 0.0712952, 0.0824503, 0.173745
0.002, 0.0722596, 0.0811997, 0.153829
0.001, 0.0652073, 0.0760321, 0.135865
0.002, 0.0516122, 0.0680275, 0.123608
0.001, 0.0343157, 0.058859, 0.11962
0.001, 0.0184059, 0.0614648, 0.24213
0.001, 0.0361535, 0.0702976, 0.239652
0.003, 0.0513724, 0.0770941, 0.228637
0.002, 0.0608818, 0.0804338, 0.211387
0.001, 0.0626941, 0.0796186, 0.191508
0.001, 0.0516781, 0.0776557, 0.233275
0.002, 0.0668084, 0.0843932, 0.222103
0.002, 0.0761743, 0.0876516, 0.204759
0.001, 0.0778182, 0.0867496, 0.184869
0.002, 0.0713965, 0.0818759, 0.166589
0.002, 0.0783348, 0.0890939, 0.208654
0.001, 0.0875563, 0.0922706, 0.191218
0.001, 0.0890316, 0.0912819, 0.171319
0.001, 0.0824523, 0.0863345, 0.153115
0.002, 0.0691937, 0.0784624, 0.140412
0.002, 0.0925768, 0.0932912, 0.173623
0.002, 0.0938834, 0.0922159, 0.153717
0.003, 0.0871473, 0.0871952, 0.13559
0.003, 0.0737762, 0.0792787, 0.123033
0.002, 0.0565648, 0.0701208, 0.11867
0.001, 0.0913061, 0.0893345, 0.135803
0.002, 0.0844135, 0.0842411, 0.117757
0.002, 0.0709313, 0.0762807, 0.105347
0.001, 0.0536771, 0.0671172, 0.101168
0.001, 0.0362573, 0.0586657, 0.106094
0.002, 0.0695059, 0.0857578, 0.221978
0.001, 0.0848143, 0.0926142, 0.211126
0.001, 0.0944701, 0.0960371, 0.193974
0.003, 0.0964551, 0.0953111, 0.174108
0.001, 0.0903544, 0.0905881, 0.155679
0.001, 0.0965614, 0.0974485, 0.197917
0.001, 0.106075, 0.10079, 0.18067
0.003, 0.107891, 0.0999775, 0.160791
0.003, 0.101632, 0.0951798, 0.142435
0.002, 0.0886046, 0.0874002, 0.129439
0.003, 0.111393, 0.101972, 0.163173
0.002, 0.113042, 0.101072, 0.143283
0.001, 0.106624, 0.0962002, 0.125002
0.001, 0.0934822, 0.0883746, 0.112149
0.003, 0.0763623, 0.0792307, 0.107413
0.001, 0.110775, 0.0983434, 0.125304
0.003, 0.1042, 0.093398, 0.107099
0.001, 0.0909446, 0.0855271, 0.0943916
0.001, 0.0737788, 0.0763759, 0.0898388
0.002, 0.0562907, 0.067857, 0.0943919
0.001, 0.0948418, 0.0873531, 0.0925489
0.002, 0.0814736, 0.0794377, 0.079988
0.001, 0.0642634, 0.07028, 0.0756196
0.001, 0.0468082, 0.0617939, 0.0803567
0.003, 0.0327563, 0.0557533, 0.0932093
0.002, 0.1085, 0.101902, 0.179243
0.002, 0.118301, 0.105408, 0.162191
0.001, 0.120459, 0.104771, 0.14234
0.001, 0.114521, 0.100125, 0.123838
0.001, 0.10173, 0.0924407, 0.110554
0.002, 0.123916, 0.10675, 0.144799
0.001, 0.125906, 0.106026, 0.124933
0.002, 0.119809, 0.101305, 0.106502
0.002, 0.106901, 0.093573, 0.0933595
0.002, 0.089879, 0.0844465, 0.0882512
0.001, 0.123951, 0.103451, 0.106895
0.004, 0.117696, 0.0986555, 0.0885368
0.001, 0.104672, 0.0908771, 0.0755367
0.001, 0.0876007, 0.0817416, 0.0706115
0.001, 0.0700508, 0.0731584, 0.0747906
0.001, 0.108597, 0.0927246, 0.0737769
0.002, 0.0954579, 0.0849001, 0.0609207
0.004, 0.0783393, 0.0757565, 0.0561791
0.003, 0.060819, 0.0672046, 0.060543
0.003, 0.046559, 0.061032, 0.0731003
0.001, 0.0811937, 0.0769032, 0.05265
0.001, 0.0640291, 0.0677522, 0.0480923
0.002, 0.0465402, 0.0592324, 0.0526406
0.003, 0.0323821, 0.0531246, 0.0653443
0.001, 0.0245142, 0.0507054, 0.0835481
0.001, 0.127573, 0.106662, 0.122489
0.002, 0.129903, 0.106115, 0.102655
0.001, 0.124129, 0.101546, 0.0840824
0.001, 0.11146, 0.093911, 0.0706539
0.001, 0.0945418, 0.0848053, 0.065176
0.003, 0.128261, 0.103695, 0.0845642
0.001, 0.122328, 0.0990508, 0.066061
0.001, 0.10954, 0.0913676, 0.0527728
0.001, 0.0925696, 0.0822512, 0.0474771
0.001, 0.0749643, 0.073607, 0.0512805
0.001, 0.113491, 0.093236, 0.0510966
0.002, 0.100586, 0.0855054, 0.03795
0.004, 0.0835656, 0.0763792, 0.0328368
0.001, 0.0659868, 0.0677647, 0.0368258
0.003, 0.0515239, 0.0614624, 0.0490832
0.003, 0.0864781, 0.0775607, 0.0293672
0.001, 0.0694083, 0.0684255, 0.0244371
0.001, 0.0518575, 0.0598415, 0.0286113
0.001, 0.0374941, 0.0536029, 0.0410173
0.002, 0.02932, 0.0510136, 0.0590622
0.001, 0.0530972, 0.0600792, 0.0241031
0.002, 0.0355761, 0.0515265, 0.0284621
0.004, 0.0213134, 0.0453522, 0.0410156
0.002, 0.01329, 0.0428467, 0.0591397
0.001, 0.0131829, 0.0445337, 0.0790465
