a, b, c, offset_x, offset_y, offset_z
0.025, 0.025, 0.025, -0.0345591, 0.0780776, 0.231793
0.025, 0.025, 0.025, -0.0119551, 0.0672973, 0.240317
0.025, 0.025, 0.025, 0.0103919, 0.0552516, 0.232879
0.025, 0.025, 0.025, 0.0242929, 0.0463547, 0.212205
0.025, 0.025, 0.025, 0.00964285, 0.0564828, 0.242586
0.025, 0.025, 0.025, 0.0318925, 0.0444588, 0.234828
0.025, 0.025, 0.025, 0.045551, 0.0356674, 0.213948
0.025, 0.025, 0.025, 0.045613, 0.0333304, 0.187598
0.025, 0.025, 0.025, 0.0500637, 0.0341165, 0.222523
0.025, 0.025, 0.025, 0.0634775, 0.0254322, 0.20144
0.025, 0.025, 0.025, 0.0632408, 0.0232465, 0.175078
0.025, 0.025, 0.025, 0.0494403, 0.0283604, 0.153096
0.025, 0.025, 0.025, 0.0712951, 0.0195048, 0.179252
0.025, 0.025, 0.025, 0.0707596, 0.0174707, 0.152882
0.025, 0.025, 0.025, 0.056718, 0.0227238, 0.131086
0.025, 0.025, 0.025, 0.0343157, 0.0333391, 0.121852
0.025, 0.025, 0.025, 0.0361807, 0.0427838, 0.240676
0.025, 0.025, 0.025, 0.0586239, 0.0307179, 0.233567
0.025, 0.025, 0.025, 0.0727713, 0.021714, 0.213108
0.025, 0.025, 0.025, 0.0734386, 0.0190716, 0.186794
0.025, 0.025, 0.025, 0.0770902, 0.0202723, 0.2218
0.025, 0.025, 0.025, 0.0909974, 0.0113726, 0.201132
0.025, 0.025, 0.025, 0.091366, 0.00888071, 0.174798
0.025, 0.025, 0.025, 0.0780609, 0.0137098, 0.152449
0.025, 0.025, 0.025, 0.09933, 0.00520475, 0.179198
0.025, 0.025, 0.025, 0.0993998, 0.00286379, 0.152848
0.025, 0.025, 0.025, 0.0858491, 0.00783384, 0.130678
0.025, 0.025, 0.025, 0.0636435, 0.0182936, 0.120813
0.025, 0.025, 0.025, 0.0944223, 0.00332492, 0.129108
0.025, 0.025, 0.025, 0.0806281, 0.00843508, 0.107121
0.025, 0.025, 0.025, 0.0583237, 0.0189725, 0.0975666
0.025, 0.025, 0.025, 0.0356823, 0.0310756, 0.103946
0.025, 0.025, 0.025, 0.0973992, 0.00830364, 0.203365
0.025, 0.025, 0.025, 0.111791, -0.000805639, 0.183123
0.025, 0.025, 0.025, 0.112764, -0.00360202, 0.156836
0.025, 0.025, 0.025, 0.0999635, 0.000939239, 0.134135
0.025, 0.025, 0.025, 0.120633, -0.00720974, 0.161458
0.025, 0.025, 0.025, 0.121308, -0.00985606, 0.135146
0.025, 0.025, 0.025, 0.108257, -0.00517235, 0.112617
0.025, 0.025, 0.025, 0.0862628, 0.00512505, 0.102127
0.025, 0.025, 0.025, 0.116872, -0.00968094, 0.111295
0.025, 0.025, 0.025, 0.103574, -0.00485552, 0.0889415
0.025, 0.025, 0.025, 0.0814732, 0.00552287, 0.0787595
0.025, 0.025, 0.025, 0.0586698, 0.017651, 0.08448
0.025, 0.025, 0.025, 0.087551, 0.00183208, 0.0719968
0.025, 0.025, 0.025, 0.0653481, 0.0122898, 0.0621237
0.025, 0.025, 0.025, 0.0426228, 0.0244066, 0.0681699
0.025, 0.025, 0.025, 0.0277029, 0.0337423, 0.0879197
0.025, 0.025, 0.025, 0.127572, -0.0132399, 0.132979
0.025, 0.025, 0.025, 0.128852, -0.0161899, 0.106722
0.025, 0.025, 0.025, 0.11631, -0.0117956, 0.0838483
0.025, 0.025, 0.025, 0.0945416, -0.00166735, 0.0727414
0.025, 0.025, 0.025, 0.124962, -0.0163009, 0.0827755
0.025, 0.025, 0.025, 0.112167, -0.0117634, 0.0600703
0.025, 0.025, 0.025, 0.0902854, -0.00155081, 0.0492672
0.025, 0.025, 0.025, 0.067335, 0.0105944, 0.0543251
0.025, 0.025, 0.025, 0.0965227, -0.00530687, 0.0426882
0.025, 0.025, 0.025, 0.0745313, 0.00498837, 0.0321907
0.025, 0.025, 0.025, 0.0516515, 0.0171261, 0.0375761
0.025, 0.025, 0.025, 0.0362678, 0.0266585, 0.0568708
0.025, 0.025, 0.025, 0.0530971, 0.0155511, 0.0279988
0.025, 0.025, 0.025, 0.0302917, 0.0276796, 0.0337108
0.025, 0.025, 0.025, 0.0151356, 0.0371156, 0.0532317
0.025, 0.025, 0.025, 0.0131829, 0.0404015, 0.079408
0.025, 0.025, 0.025, -0.0392692, 0.063596, 0.23306
0.025, 0.025, 0.025, -0.0142266, 0.0603134, 0.240928
0.025, 0.025, 0.025, 0.0105313, 0.0556801, 0.232842
0.025, 0.025, 0.025, 0.0259319, 0.0513941, 0.211764
0.025, 0.025, 0.025, 0.00970141, 0.0566629, 0.24257
0.025, 0.025, 0.025, 0.0343515, 0.052019, 0.234167
0.025, 0.025, 0.025, 0.0494835, 0.0477581, 0.21289
0.025, 0.025, 0.025, 0.0495522, 0.0454417, 0.186538
0.025, 0.025, 0.025, 0.054483, 0.0477041, 0.221334
0.025, 0.025, 0.025, 0.0693439, 0.0434691, 0.199862
0.025, 0.025, 0.025, 0.0690817, 0.0412048, 0.173507
0.025, 0.025, 0.025, 0.0537923, 0.0417411, 0.151925
0.025, 0.025, 0.025, 0.0780049, 0.0401347, 0.177447
0.025, 0.025, 0.025, 0.0774117, 0.037923, 0.151093
0.025, 0.025, 0.025, 0.0618551, 0.0385185, 0.129704
0.025, 0.025, 0.025, 0.037036, 0.041703, 0.121121
0.025, 0.025, 0.025, 0.0391022, 0.0517663, 0.23989
0.025, 0.025, 0.025, 0.0639667, 0.0471448, 0.23213
0.025, 0.025, 0.025, 0.0796404, 0.0428335, 0.21126
0.025, 0.025, 0.025, 0.0803796, 0.0404125, 0.184927
0.025, 0.025, 0.025, 0.0844252, 0.0428244, 0.219827
0.025, 0.025, 0.025, 0.0998328, 0.0385377, 0.198755
0.025, 0.025, 0.025, 0.100241, 0.0361681, 0.172411
0.025, 0.025, 0.025, 0.0855007, 0.0365839, 0.150448
0.025, 0.025, 0.025, 0.109064, 0.0351337, 0.176579
0.028, 0.025, 0.025, 0.109142, 0.0328159, 0.150227
0.031, 0.025, 0.048, 0.0941291, 0.0332913, 0.128451
0.025, 0.025, 0.025, 0.0695279, 0.0363855, 0.11923
0.04, 0.026, 0.029, 0.103627, 0.031626, 0.126632
0.025, 0.025, 0.025, 0.0883449, 0.0321607, 0.105045
0.025, 0.025, 0.025, 0.0636341, 0.0352998, 0.0961382
0.025, 0.025, 0.025, 0.0385501, 0.0398929, 0.103175
0.025, 0.025, 0.025, 0.106925, 0.0375922, 0.200802
0.025, 0.025, 0.025, 0.122869, 0.0332565, 0.180143
0.025, 0.025, 0.025, 0.123948, 0.0307831, 0.153827
0.033, 0.026, 0.025, 0.109766, 0.0310783, 0.131498
0.025, 0.025, 0.025, 0.132665, 0.0297853, 0.158222
0.025, 0.025, 0.025, 0.133413, 0.0273629, 0.13189
0.025, 0.025, 0.028, 0.118954, 0.0277177, 0.109739
0.032, 0.025, 0.041, 0.0945874, 0.0307197, 0.0998883
0.025, 0.025, 0.025, 0.128499, 0.0260667, 0.108167
0.025, 0.034, 0.025, 0.113766, 0.0264811, 0.0861999
0.025, 0.025, 0.038, 0.0892811, 0.0295288, 0.0766592
0.025, 0.025, 0.025, 0.0640176, 0.0340932, 0.0830415
0.034, 0.025, 0.027, 0.0960146, 0.027854, 0.0697201
0.025, 0.025, 0.025, 0.0714163, 0.0309471, 0.0604914
0.025, 0.025, 0.025, 0.0462393, 0.035526, 0.0671971
0.025, 0.025, 0.025, 0.0297099, 0.0399128, 0.0873799
0.025, 0.025, 0.025, 0.140354, 0.026057, 0.129541
0.025, 0.025, 0.025, 0.141772, 0.0235316, 0.103247
0.025, 0.025, 0.025, 0.127876, 0.0237657, 0.0807371
0.025, 0.03, 0.025, 0.103759, 0.0266733, 0.0702619
0.025, 0.025, 0.025, 0.137461, 0.02213, 0.0794133
0.025, 0.025, 0.025, 0.123286, 0.0224237, 0.0570793
0.025, 0.025, 0.025, 0.099044, 0.0253781, 0.0469112
0.025, 0.025, 0.025, 0.0736176, 0.0299107, 0.0526352
0.025, 0.025, 0.025, 0.105954, 0.023691, 0.0401512
0.025, 0.025, 0.025, 0.0815903, 0.0266917, 0.0302919
0.025, 0.025, 0.025, 0.0562421, 0.0312404, 0.0363413
0.025, 0.025, 0.025, 0.0391988, 0.03567, 0.0560824
0.025, 0.025, 0.025, 0.0578436, 0.0301448, 0.026722
0.025, 0.025, 0.025, 0.0325779, 0.0347088, 0.0330958
0.025, 0.025, 0.025, 0.0157868, 0.0391176, 0.0530565
0.025, 0.025, 0.025, 0.0136234, 0.0417558, 0.0792895
0.025, 0.025, 0.025, -0.0392692, 0.0483732, 0.234392
0.025, 0.025, 0.025, -0.0142266, 0.0529721, 0.24157
0.025, 0.025, 0.025, 0.0105313, 0.0561306, 0.232802
0.025, 0.025, 0.025, 0.0259319, 0.0566914, 0.211301
0.025, 0.025, 0.025, 0.00970141, 0.0568521, 0.242554
0.025, 0.025, 0.025, 0.0343515, 0.0599661, 0.233471
0.025, 0.025, 0.025, 0.0494835, 0.0604676, 0.211778
0.025, 0.025, 0.025, 0.0495522, 0.0581728, 0.185424
0.025, 0.025, 0.025, 0.054483, 0.061987, 0.220084
0.025, 0.025, 0.025, 0.069344, 0.0624291, 0.198204
0.025, 0.025, 0.025, 0.0690817, 0.0600823, 0.171855
0.025, 0.025, 0.025, 0.0537924, 0.0558067, 0.150695
0.025, 0.025, 0.025, 0.0780049, 0.0618204, 0.17555
0.025, 0.025, 0.025, 0.0774117, 0.059422, 0.149212
0.025, 0.025, 0.025, 0.0618552, 0.0551216, 0.128252
0.025, 0.025, 0.025, 0.037036, 0.0504951, 0.120351
0.025, 0.025, 0.025, 0.0391023, 0.0612087, 0.239064
0.025, 0.025, 0.025, 0.0639667, 0.0644124, 0.230619
0.025, 0.025, 0.025, 0.0796404, 0.065034, 0.209318
0.025, 0.025, 0.025, 0.0803797, 0.0628457, 0.182965
0.025, 0.025, 0.025, 0.0844252, 0.0665307, 0.217753
0.025, 0.025, 0.025, 0.0998329, 0.0670931, 0.196257
0.025, 0.025, 0.025, 0.100241, 0.064852, 0.169901
0.025, 0.025, 0.025, 0.0855007, 0.0606288, 0.148344
0.025, 0.025, 0.025, 0.109064, 0.0665945, 0.173827
0.028, 0.025, 0.025, 0.109142, 0.0643011, 0.147473
0.031, 0.025, 0.052, 0.0941292, 0.0600516, 0.12611
0.025, 0.025, 0.025, 0.0695279, 0.0554034, 0.117567
0.04, 0.026, 0.028, 0.103627, 0.0613756, 0.124029
0.025, 0.025, 0.025, 0.0883449, 0.0571007, 0.102863
0.025, 0.025, 0.025, 0.0636341, 0.0524628, 0.0946366
0.025, 0.025, 0.025, 0.0385502, 0.0491614, 0.102364
0.025, 0.025, 0.025, 0.106925, 0.0683797, 0.198109
0.025, 0.025, 0.025, 0.122869, 0.069062, 0.177011
0.025, 0.025, 0.025, 0.123948, 0.0669281, 0.150665
0.033, 0.026, 0.025, 0.109766, 0.06276, 0.128726
0.025, 0.025, 0.025, 0.132665, 0.0686738, 0.154819
0.025, 0.025, 0.025, 0.133413, 0.0664868, 0.128467
0.025, 0.025, 0.033, 0.118955, 0.0622912, 0.106715
0.032, 0.025, 0.048, 0.0945875, 0.0576243, 0.0975344
0.025, 0.025, 0.025, 0.128499, 0.063644, 0.10488
0.025, 0.034, 0.026, 0.113766, 0.0594215, 0.083318
0.025, 0.025, 0.033, 0.0892811, 0.0547634, 0.0744515
0.025, 0.025, 0.025, 0.0640176, 0.0513768, 0.0815294
0.034, 0.025, 0.028, 0.0960146, 0.0552078, 0.067327
0.025, 0.025, 0.025, 0.0714163, 0.0505593, 0.0587756
0.025, 0.025, 0.025, 0.0462394, 0.0472145, 0.0661745
0.025, 0.025, 0.025, 0.0297099, 0.0463991, 0.0868124
0.025, 0.025, 0.025, 0.140354, 0.0673652, 0.125927
0.025, 0.025, 0.025, 0.141772, 0.0652861, 0.0995935
0.025, 0.025, 0.025, 0.127876, 0.061147, 0.0774667
0.025, 0.03, 0.025, 0.103759, 0.0564646, 0.0676555
0.025, 0.025, 0.025, 0.137461, 0.0625278, 0.0758789
0.025, 0.025, 0.025, 0.123286, 0.0583604, 0.0539352
0.025, 0.025, 0.025, 0.0990441, 0.0536853, 0.0444347
0.025, 0.025, 0.025, 0.0736176, 0.0502157, 0.0508587
0.025, 0.025, 0.025, 0.105954, 0.054173, 0.0374844
0.025, 0.025, 0.025, 0.0815903, 0.0495059, 0.028296
0.025, 0.025, 0.025, 0.0562422, 0.0460769, 0.0350433
0.025, 0.025, 0.025, 0.0391988, 0.0451427, 0.0552537
0.025, 0.025, 0.025, 0.0578437, 0.0454854, 0.0253799
0.025, 0.025, 0.025, 0.0325779, 0.0420978, 0.0324493
0.025, 0.025, 0.025, 0.0157868, 0.0412221, 0.0528724
0.025, 0.025, 0.025, 0.0136234, 0.0431794, 0.079165
0.025, 0.025, 0.025, -0.0345592, 0.0338916, 0.235659
0.025, 0.025, 0.025, -0.0119551, 0.0459881, 0.242181
0.025, 0.025, 0.025, 0.010392, 0.0565591, 0.232765
0.025, 0.025, 0.025, 0.0242929, 0.0617308, 0.21086
0.025, 0.025, 0.025, 0.00964285, 0.0570322, 0.242538
0.025, 0.025, 0.025, 0.0318926, 0.0675263, 0.23281
0.025, 0.025, 0.025, 0.0455511, 0.0725583, 0.21072
0.025, 0.025, 0.025, 0.0456131, 0.070284, 0.184365
0.025, 0.025, 0.025, 0.0500638, 0.0755745, 0.218896
0.025, 0.025, 0.025, 0.0634777, 0.0804659, 0.196626
0.025, 0.025, 0.025, 0.0632409, 0.0780406, 0.170284
0.025, 0.025, 0.025, 0.0494404, 0.0691874, 0.149524
0.025, 0.025, 0.025, 0.0712952, 0.0824503, 0.173745
0.025, 0.025, 0.025, 0.0707598, 0.0798744, 0.147422
0.025, 0.025, 0.025, 0.0567181, 0.0709164, 0.12687
0.025, 0.025, 0.025, 0.0343157, 0.058859, 0.11962
0.025, 0.025, 0.025, 0.0361808, 0.0701912, 0.238278
0.025, 0.025, 0.025, 0.058624, 0.0808393, 0.229182
0.025, 0.025, 0.025, 0.0727715, 0.0861536, 0.20747
0.025, 0.025, 0.025, 0.0734388, 0.0841866, 0.181098
0.025, 0.025, 0.025, 0.0770903, 0.0890829, 0.21578
0.025, 0.025, 0.025, 0.0909976, 0.0942582, 0.19388
0.025, 0.025, 0.025, 0.0913662, 0.0921394, 0.167514
0.025, 0.025, 0.025, 0.0780611, 0.0835029, 0.146343
0.025, 0.025, 0.025, 0.0993302, 0.0965235, 0.171208
0.025, 0.025, 0.025, 0.0994001, 0.0942533, 0.144852
0.025, 0.025, 0.025, 0.0858493, 0.0855091, 0.123882
0.025, 0.025, 0.025, 0.0636437, 0.0734953, 0.115984
0.025, 0.025, 0.025, 0.0944225, 0.0896768, 0.121553
0.025, 0.025, 0.025, 0.0806283, 0.0808264, 0.100788
0.025, 0.025, 0.025, 0.0583238, 0.0687901, 0.0932082
0.025, 0.025, 0.025, 0.0356824, 0.0579787, 0.101592
0.025, 0.025, 0.025, 0.0973994, 0.0976683, 0.195547
0.025, 0.025, 0.025, 0.111791, 0.103124, 0.174031
0.025, 0.025, 0.025, 0.112765, 0.101313, 0.147657
0.025, 0.025, 0.025, 0.0999637, 0.0928992, 0.12609
0.025, 0.025, 0.025, 0.120633, 0.105669, 0.151583
0.025, 0.025, 0.025, 0.121308, 0.103706, 0.12521
0.025, 0.025, 0.025, 0.108257, 0.0951813, 0.103837
0.025, 0.025, 0.025, 0.086263, 0.083219, 0.0952952
0.025, 0.025, 0.025, 0.116872, 0.0993918, 0.101752
0.025, 0.025, 0.025, 0.103574, 0.0907581, 0.0805764
0.025, 0.025, 0.025, 0.0814734, 0.0787694, 0.0723512
0.025, 0.025, 0.025, 0.0586699, 0.067819, 0.0800909
0.025, 0.025, 0.025, 0.0875512, 0.0812298, 0.0650504
0.025, 0.025, 0.025, 0.0653482, 0.0692166, 0.0571433
0.025, 0.025, 0.025, 0.0426229, 0.0583339, 0.0652017
0.025, 0.025, 0.025, 0.027703, 0.0525697, 0.0862725
0.025, 0.025, 0.025, 0.127573, 0.106662, 0.122489
0.025, 0.025, 0.025, 0.128853, 0.105008, 0.0961183
0.025, 0.025, 0.025, 0.11631, 0.0967082, 0.0743555
0.025, 0.025, 0.025, 0.0945418, 0.0848053, 0.065176
0.025, 0.025, 0.025, 0.124962, 0.100959, 0.0725166
0.025, 0.025, 0.025, 0.112167, 0.0925475, 0.0509443
0.025, 0.025, 0.025, 0.0902857, 0.0806143, 0.0420787
0.025, 0.025, 0.025, 0.0673351, 0.0695321, 0.0491688
0.025, 0.025, 0.025, 0.096523, 0.0831709, 0.0349474
0.025, 0.025, 0.025, 0.0745315, 0.0712093, 0.0263972
0.025, 0.025, 0.025, 0.0516517, 0.0601912, 0.0338084
0.025, 0.025, 0.025, 0.0362679, 0.0541542, 0.0544653
0.025, 0.025, 0.025, 0.0530972, 0.0600792, 0.0241031
0.025, 0.025, 0.025, 0.0302917, 0.049127, 0.0318344
0.025, 0.025, 0.025, 0.0151356, 0.0432241, 0.0526972
0.025, 0.025, 0.025, 0.0131829, 0.0445337, 0.0790465
