r, offset_x, offset_y, offset_z
0.001, -0.0345591, 0.0221775, 0.236508
0.001, -0.0119551, 0.0106953, 0.24406
0.001, 0.0103919, -0.000656256, 0.235601
0.001, 0.0242928, -0.00771749, 0.21423
0.003, 0.00964282, -0.000275735, 0.245378
0.001, 0.0318925, -0.0115779, 0.236602
0.001, 0.045551, -0.018516, 0.215035
0.001, 0.045613, -0.0185475, 0.188581
0.001, 0.0500637, -0.0208083, 0.223442
0.001, 0.0634775, -0.0276221, 0.201683
0.001, 0.0632408, -0.0275018, 0.17523
0.001, 0.0494403, -0.0204916, 0.153778
0.001, 0.071295, -0.0315932, 0.179062
0.001, 0.0707596, -0.0313212, 0.152615
0.001, 0.0567179, -0.0241885, 0.13136
0.001, 0.0343157, -0.0128088, 0.123087
0.001, 0.0361807, -0.0137561, 0.242281
0.001, 0.0586238, -0.0251566, 0.234148
0.001, 0.0727713, -0.032343, 0.212982
0.001, 0.0734386, -0.032682, 0.186538
0.001, 0.0770901, -0.0345369, 0.221516
0.001, 0.0909974, -0.0416014, 0.20015
0.001, 0.091366, -0.0417886, 0.173699
0.001, 0.0780609, -0.03503, 0.151856
0.001, 0.0993299, -0.045834, 0.177762
0.001, 0.0993998, -0.0458695, 0.151308
0.001, 0.0858491, -0.0389862, 0.129656
0.001, 0.0636435, -0.0277064, 0.12074
0.001, 0.0944223, -0.0433411, 0.127699
0.001, 0.0806282, -0.0363341, 0.106241
0.001, 0.0583237, -0.0250041, 0.0976413
0.001, 0.0356823, -0.013503, 0.105051
0.001, 0.0973991, -0.0448532, 0.202107
0.001, 0.111791, -0.0521637, 0.181149
0.001, 0.112764, -0.0526583, 0.154717
0.001, 0.0999635, -0.0461558, 0.132499
0.001, 0.120633, -0.0566552, 0.159008
0.001, 0.121308, -0.0569982, 0.132565
0.001, 0.108257, -0.0503687, 0.11053
0.001, 0.0862628, -0.0391963, 0.100978
0.001, 0.116872, -0.054745, 0.10882
0.001, 0.103574, -0.0479897, 0.0869722
0.001, 0.0814732, -0.0367634, 0.0777335
0.001, 0.0586698, -0.0251799, 0.0844893
0.001, 0.087551, -0.0398507, 0.0706748
0.001, 0.0653481, -0.0285723, 0.0617508
0.001, 0.0426228, -0.0170285, 0.06883
0.001, 0.0277029, -0.00944971, 0.0893183
0.001, 0.127572, -0.0601804, 0.130112
0.001, 0.128852, -0.0608305, 0.103697
0.001, 0.11631, -0.0544594, 0.0812936
0.001, 0.0945416, -0.0434017, 0.0711116
0.001, 0.124962, -0.0588541, 0.0798322
0.001, 0.112167, -0.052355, 0.0576088
0.001, 0.0902855, -0.0412397, 0.0477369
0.001, 0.067335, -0.0295816, 0.0538341
0.001, 0.0965228, -0.0444081, 0.0408556
0.001, 0.0745313, -0.0332371, 0.0312954
0.001, 0.0516516, -0.0216149, 0.0377181
0.001, 0.0362678, -0.0138004, 0.0577702
0.001, 0.0530971, -0.0223492, 0.02804
0.001, 0.0302917, -0.0107647, 0.0347873
0.001, 0.0151356, -0.00306591, 0.0550563
0.001, 0.0131829, -0.00207398, 0.0814194
0.001, -0.0392692, 0.00764059, 0.236508
0.001, -0.0142266, 0.00368476, 0.24406
0.001, 0.0105313, -0.000226093, 0.235601
0.001, 0.0259319, -0.00265883, 0.21423
0.003, 0.00970138, -9.49963e-05, 0.245378
0.007, 0.0343515, -0.00398882, 0.236602
0.009, 0.0494834, -0.00637912, 0.215035
0.001, 0.0495521, -0.00638998, 0.188581
0.009, 0.054483, -0.00716887, 0.223442
0.009, 0.0693439, -0.00951636, 0.201683
0.009, 0.0690817, -0.00947493, 0.17523
0.001, 0.0537923, -0.00705977, 0.153778
0.009, 0.0780049, -0.0108845, 0.179062
0.009, 0.0774117, -0.0107908, 0.152615
0.009, 0.0618551, -0.0083334, 0.13136
0.001, 0.037036, -0.00441288, 0.123087
0.002, 0.0391022, -0.00473927, 0.242281
0.001, 0.0639667, -0.00866695, 0.234148
0.009, 0.0796404, -0.0111428, 0.212982
0.009, 0.0803796, -0.0112596, 0.186538
0.003, 0.0844251, -0.0118987, 0.221516
0.008, 0.0998328, -0.0143325, 0.20015
0.009, 0.100241, -0.014397, 0.173699
0.009, 0.0855007, -0.0120685, 0.151856
0.009, 0.109064, -0.0157907, 0.177762
0.009, 0.109142, -0.015803, 0.151308
0.009, 0.0941291, -0.0134315, 0.129656
0.009, 0.0695279, -0.00954542, 0.12074
0.009, 0.103627, -0.0149319, 0.127699
0.009, 0.0883449, -0.0125178, 0.106241
0.009, 0.0636341, -0.00861441, 0.0976413
0.001, 0.0385501, -0.00465206, 0.105051
0.002, 0.106925, -0.0154528, 0.202107
0.001, 0.122869, -0.0179714, 0.181149
0.009, 0.123948, -0.0181418, 0.154717
0.009, 0.109766, -0.0159016, 0.132499
0.003, 0.132665, -0.0195189, 0.159008
0.008, 0.133413, -0.019637, 0.132565
0.009, 0.118954, -0.017353, 0.11053
0.009, 0.0945874, -0.0135039, 0.100978
0.009, 0.128499, -0.0188607, 0.10882
0.009, 0.113766, -0.0165334, 0.0869722
0.009, 0.0892811, -0.0126657, 0.0777335
0.009, 0.0640176, -0.00867499, 0.0844893
0.009, 0.0960146, -0.0137294, 0.0706748
0.009, 0.0714163, -0.00984372, 0.0617508
0.009, 0.0462393, -0.00586667, 0.06883
0.001, 0.0297099, -0.00325562, 0.0893183
0.002, 0.140354, -0.0207333, 0.130112
0.001, 0.141772, -0.0209573, 0.103697
0.009, 0.127876, -0.0187624, 0.0812936
0.009, 0.103759, -0.0149528, 0.0711116
0.001, 0.137461, -0.0202764, 0.0798322
0.001, 0.123286, -0.0180373, 0.0576088
0.009, 0.099044, -0.0142079, 0.0477369
0.009, 0.0736176, -0.0101914, 0.0538341
0.001, 0.105954, -0.0152995, 0.0408556
0.001, 0.0815903, -0.0114508, 0.0312954
0.009, 0.0562422, -0.00744676, 0.0377181
0.009, 0.0391988, -0.00475452, 0.0577702
0.001, 0.0578437, -0.00769974, 0.02804
0.001, 0.0325779, -0.00370866, 0.0347873
0.001, 0.0157868, -0.00105627, 0.0550563
0.001, 0.0136234, -0.000714528, 0.0814194
0.001, -0.0392692, -0.00764033, 0.236508
0.001, -0.0142266, -0.00368464, 0.24406
0.001, 0.0105313, 0.000226086, 0.235601
0.001, 0.0259319, 0.00265874, 0.21423
0.003, 0.00970138, 9.49931e-05, 0.245378
0.007, 0.0343515, 0.00398868, 0.236602
0.009, 0.0494835, 0.00637891, 0.215035
0.001, 0.0495522, 0.00638976, 0.188581
0.009, 0.054483, 0.00716863, 0.223442
0.009, 0.069344, 0.00951604, 0.201683
0.009, 0.0690817, 0.00947462, 0.17523
0.001, 0.0537923, 0.00705953, 0.153778
0.009, 0.0780049, 0.0108841, 0.179062
0.009, 0.0774117, 0.0107904, 0.152615
0.009, 0.0618552, 0.00833313, 0.13136
0.001, 0.037036, 0.00441273, 0.123087
0.002, 0.0391022, 0.00473911, 0.242281
0.001, 0.0639667, 0.00866666, 0.234148
0.009, 0.0796404, 0.0111425, 0.212982
0.009, 0.0803797, 0.0112592, 0.186538
0.003, 0.0844252, 0.0118983, 0.221516
0.008, 0.0998328, 0.014332, 0.20015
0.009, 0.100241, 0.0143965, 0.173699
0.009, 0.0855007, 0.0120681, 0.151856
0.009, 0.109064, 0.0157902, 0.177762
0.009, 0.109142, 0.0158024, 0.151308
0.009, 0.0941292, 0.0134311, 0.129656
0.009, 0.0695279, 0.0095451, 0.12074
0.009, 0.103627, 0.0149314, 0.127699
0.009, 0.0883449, 0.0125174, 0.106241
0.009, 0.0636341, 0.00861412, 0.0976413
0.001, 0.0385502, 0.0046519, 0.105051
0.002, 0.106925, 0.0154523, 0.202107
0.001, 0.122869, 0.0179708, 0.181149
0.009, 0.123948, 0.0181412, 0.154717
0.009, 0.109766, 0.0159011, 0.132499
0.003, 0.132665, 0.0195182, 0.159008
0.008, 0.133413, 0.0196363, 0.132565
0.009, 0.118955, 0.0173525, 0.11053
0.009, 0.0945875, 0.0135035, 0.100978
0.009, 0.128499, 0.0188601, 0.10882
0.009, 0.113766, 0.0165328, 0.0869722
0.009, 0.0892811, 0.0126653, 0.0777335
0.009, 0.0640176, 0.0086747, 0.0844893
0.009, 0.0960147, 0.0137289, 0.0706748
0.009, 0.0714164, 0.00984339, 0.0617508
0.009, 0.0462394, 0.00586648, 0.06883
0.001, 0.0297099, 0.00325551, 0.0893183
0.002, 0.140354, 0.0207326, 0.130112
0.001, 0.141772, 0.0209566, 0.103697
0.009, 0.127876, 0.0187617, 0.0812936
0.009, 0.103759, 0.0149523, 0.0711116
0.001, 0.137461, 0.0202757, 0.0798322
0.001, 0.123287, 0.0180367, 0.0576088
0.009, 0.0990441, 0.0142074, 0.0477369
0.009, 0.0736176, 0.0101911, 0.0538341
0.001, 0.105954, 0.015299, 0.0408556
0.001, 0.0815903, 0.0114505, 0.0312954
0.009, 0.0562422, 0.00744651, 0.0377181
0.009, 0.0391988, 0.00475436, 0.0577702
0.001, 0.0578437, 0.00769948, 0.02804
0.001, 0.0325779, 0.00370854, 0.0347873
0.001, 0.0157868, 0.00105623, 0.0550563
0.001, 0.0136234, 0.000714504, 0.0814194
0.001, -0.0345592, -0.0221773, 0.236508
0.001, -0.0119552, -0.0106952, 0.24406
0.001, 0.0103919, 0.000656249, 0.235601
0.001, 0.0242929, 0.00771741, 0.21423
0.003, 0.00964282, 0.000275732, 0.245378
0.001, 0.0318926, 0.0115778, 0.236602
0.001, 0.0455511, 0.0185158, 0.215035
0.001, 0.0456131, 0.0185473, 0.188581
0.001, 0.0500638, 0.0208081, 0.223442
0.001, 0.0634776, 0.0276218, 0.201683
0.001, 0.0632409, 0.0275016, 0.17523
0.001, 0.0494404, 0.0204914, 0.153778
0.001, 0.0712952, 0.0315928, 0.179062
0.001, 0.0707598, 0.0313209, 0.152615
0.001, 0.0567181, 0.0241882, 0.13136
0.001, 0.0343157, 0.0128086, 0.123087
0.001, 0.0361807, 0.013756, 0.242281
0.001, 0.058624, 0.0251563, 0.234148
0.001, 0.0727714, 0.0323427, 0.212982
0.001, 0.0734387, 0.0326817, 0.186538
0.001, 0.0770903, 0.0345365, 0.221516
0.001, 0.0909976, 0.0416009, 0.20015
0.001, 0.0913662, 0.0417882, 0.173699
0.001, 0.0780611, 0.0350297, 0.151856
0.001, 0.0993302, 0.0458336, 0.177762
0.001, 0.0994001, 0.0458691, 0.151308
0.001, 0.0858493, 0.0389858, 0.129656
0.001, 0.0636437, 0.0277061, 0.12074
0.001, 0.0944225, 0.0433406, 0.127699
0.001, 0.0806283, 0.0363337, 0.106241
0.001, 0.0583238, 0.0250038, 0.0976413
0.001, 0.0356824, 0.0135029, 0.105051
0.001, 0.0973994, 0.0448528, 0.202107
0.001, 0.111791, 0.0521632, 0.181149
0.001, 0.112765, 0.0526578, 0.154717
0.001, 0.0999637, 0.0461554, 0.132499
0.001, 0.120633, 0.0566546, 0.159008
0.001, 0.121308, 0.0569976, 0.132565
0.001, 0.108257, 0.0503682, 0.11053
0.001, 0.086263, 0.0391959, 0.100978
0.001, 0.116872, 0.0547444, 0.10882
0.001, 0.103574, 0.0479892, 0.0869722
0.001, 0.0814734, 0.036763, 0.0777335
0.001, 0.0586699, 0.0251797, 0.0844893
0.001, 0.0875512, 0.0398503, 0.0706748
0.001, 0.0653482, 0.028572, 0.0617508
0.001, 0.0426229, 0.0170284, 0.06883
0.001, 0.027703, 0.00944962, 0.0893183
0.001, 0.127573, 0.0601797, 0.130112
0.001, 0.128853, 0.0608299, 0.103697
0.001, 0.11631, 0.0544589, 0.0812936
0.001, 0.0945418, 0.0434013, 0.0711116
0.001, 0.124962, 0.0588535, 0.0798322
0.001, 0.112167, 0.0523544, 0.0576088
0.001, 0.0902857, 0.0412393, 0.0477369
0.001, 0.0673351, 0.0295813, 0.0538341
0.001, 0.096523, 0.0444076, 0.0408556
0.001, 0.0745315, 0.0332368, 0.0312954
0.001, 0.0516517, 0.0216147, 0.0377181
0.001, 0.0362679, 0.0138003, 0.0577702
0.001, 0.0530972, 0.0223489, 0.02804
0.001, 0.0302918, 0.0107646, 0.0347873
0.001, 0.0151356, 0.00306588, 0.0550563
0.001, 0.0131829, 0.00207396, 0.0814194
