a, b, c, offset_x, offset_y, offset_z
0.01, 0.01, 0.01, -0.0345591, -0.0338914, 0.235659
0.01, 0.01, 0.01, -0.0119551, -0.045988, 0.242181
0.01, 0.01, 0.01, 0.0103919, -0.0565591, 0.232765
0.01, 0.01, 0.01, 0.0242928, -0.0617309, 0.21086
0.01, 0.01, 0.01, 0.00964279, -0.0570322, 0.242538
0.01, 0.01, 0.01, 0.0318925, -0.0675264, 0.23281
0.01, 0.01, 0.01, 0.0455509, -0.0725584, 0.21072
0.01, 0.01, 0.01, 0.045613, -0.0702842, 0.184365
0.01, 0.01, 0.01, 0.0500637, -0.0755747, 0.218896
0.01, 0.01, 0.01, 0.0634775, -0.0804662, 0.196626
0.01, 0.01, 0.01, 0.0632408, -0.0780409, 0.170284
0.01, 0.01, 0.01, 0.0494402, -0.0691876, 0.149524
0.01, 0.01, 0.01, 0.071295, -0.0824507, 0.173745
0.01, 0.01, 0.01, 0.0707596, -0.0798747, 0.147422
0.01, 0.01, 0.01, 0.0567179, -0.0709166, 0.12687
0.01, 0.01, 0.01, 0.0343157, -0.0588592, 0.11962
0.01, 0.01, 0.01, 0.0361806, -0.0701914, 0.238278
0.01, 0.01, 0.01, 0.0586238, -0.0808396, 0.229182
0.01, 0.01, 0.01, 0.0727712, -0.0861539, 0.20747
0.01, 0.01, 0.01, 0.0734385, -0.0841869, 0.181098
0.01, 0.01, 0.01, 0.0770901, -0.0890832, 0.21578
0.01, 0.01, 0.01, 0.0909974, -0.0942587, 0.19388
0.01, 0.01, 0.01, 0.091366, -0.0921399, 0.167514
0.01, 0.01, 0.01, 0.0780609, -0.0835033, 0.146343
0.01, 0.01, 0.01, 0.0993299, -0.096524, 0.171208
0.01, 0.01, 0.01, 0.0993998, -0.0942538, 0.144852
0.01, 0.01, 0.01, 0.0858491, -0.0855095, 0.123882
0.01, 0.01, 0.01, 0.0636435, -0.0734956, 0.115984
0.01, 0.01, 0.01, 0.0944223, -0.0896773, 0.121553
0.01, 0.01, 0.01, 0.0806282, -0.0808268, 0.100788
0.01, 0.01, 0.01, 0.0583237, -0.0687904, 0.0932082
0.01, 0.01, 0.01, 0.0356824, -0.0579789, 0.101592
0.01, 0.01, 0.01, 0.0973991, -0.0976688, 0.195547
0.01, 0.01, 0.01, 0.111791, -0.103125, 0.174031
0.01, 0.01, 0.01, 0.112764, -0.101314, 0.147657
0.01, 0.01, 0.01, 0.0999635, -0.0928997, 0.12609
0.01, 0.01, 0.01, 0.120633, -0.105669, 0.151583
0.01, 0.01, 0.01, 0.121308, -0.103706, 0.12521
0.01, 0.01, 0.01, 0.108257, -0.0951818, 0.103837
0.01, 0.01, 0.01, 0.0862628, -0.0832194, 0.0952952
0.01, 0.01, 0.01, 0.116872, -0.0993924, 0.101752
0.01, 0.01, 0.01, 0.103574, -0.0907586, 0.0805764
0.01, 0.01, 0.01, 0.0814732, -0.0787698, 0.0723512
0.01, 0.01, 0.01, 0.0586698, -0.0678193, 0.0800909
0.01, 0.01, 0.01, 0.087551, -0.0812302, 0.0650504
0.01, 0.01, 0.01, 0.0653481, -0.0692169, 0.0571433
0.01, 0.01, 0.01, 0.0426228, -0.0583341, 0.0652017
0.01, 0.01, 0.01, 0.0277029, -0.0525698, 0.0862725
0.01, 0.01, 0.01, 0.127572, -0.106663, 0.122489
0.01, 0.01, 0.01, 0.128852, -0.105008, 0.0961183
0.01, 0.01, 0.01, 0.11631, -0.0967088, 0.0743555
0.01, 0.01, 0.01, 0.0945416, -0.0848058, 0.065176
0.01, 0.01, 0.01, 0.124962, -0.100959, 0.0725166
0.01, 0.01, 0.01, 0.112167, -0.0925481, 0.0509443
0.01, 0.01, 0.01, 0.0902855, -0.0806148, 0.0420787
0.01, 0.01, 0.01, 0.067335, -0.0695324, 0.0491688
0.01, 0.01, 0.01, 0.0965228, -0.0831713, 0.0349474
0.01, 0.01, 0.01, 0.0745313, -0.0712096, 0.0263972
0.01, 0.01, 0.01, 0.0516516, -0.0601914, 0.0338084
0.01, 0.01, 0.01, 0.0362678, -0.0541543, 0.0544653
0.01, 0.01, 0.01, 0.0530971, -0.0600794, 0.0241031
0.01, 0.01, 0.01, 0.0302917, -0.0491271, 0.0318344
0.01, 0.01, 0.01, 0.0151356, -0.0432241, 0.0526972
0.01, 0.01, 0.01, 0.0131829, -0.0445337, 0.0790465
0.01, 0.01, 0.01, -0.0392692, -0.048373, 0.234392
0.01, 0.01, 0.01, -0.0142266, -0.0529719, 0.24157
0.01, 0.01, 0.01, 0.0105313, -0.0561306, 0.232802
0.01, 0.01, 0.01, 0.0259319, -0.0566915, 0.211301
0.01, 0.01, 0.01, 0.00970135, -0.0568521, 0.242554
0.01, 0.01, 0.01, 0.0343514, -0.0599662, 0.233471
0.021, 0.01, 0.01, 0.0494834, -0.0604678, 0.211778
0.01, 0.01, 0.01, 0.0495521, -0.058173, 0.185424
0.024, 0.01, 0.012, 0.054483, -0.0619872, 0.220084
0.027, 0.016, 0.017, 0.0693439, -0.0624294, 0.198204
0.016, 0.019, 0.016, 0.0690816, -0.0600826, 0.171855
0.01, 0.01, 0.01, 0.0537923, -0.0558069, 0.150695
0.026, 0.013, 0.01, 0.0780048, -0.0618208, 0.17555
0.024, 0.02, 0.042, 0.0774117, -0.0594224, 0.149212
0.017, 0.016, 0.015, 0.0618551, -0.0551219, 0.128252
0.01, 0.01, 0.01, 0.037036, -0.0504952, 0.120351
0.01, 0.01, 0.01, 0.0391022, -0.0612088, 0.239064
0.01, 0.01, 0.01, 0.0639666, -0.0644127, 0.230619
0.015, 0.011, 0.01, 0.0796403, -0.0650344, 0.209318
0.032, 0.019, 0.016, 0.0803796, -0.062846, 0.182965
0.01, 0.01, 0.01, 0.0844251, -0.0665311, 0.217753
0.01, 0.01, 0.01, 0.0998327, -0.0670936, 0.196257
0.03, 0.01, 0.012, 0.100241, -0.0648525, 0.169901
0.033, 0.02, 0.014, 0.0855006, -0.0606292, 0.148344
0.017, 0.013, 0.01, 0.109064, -0.066595, 0.173827
0.031, 0.011, 0.011, 0.109142, -0.0643016, 0.147473
0.052, 0.015, 0.014, 0.0941291, -0.0600521, 0.12611
0.034, 0.011, 0.01, 0.0695279, -0.0554037, 0.117567
0.055, 0.01, 0.01, 0.103627, -0.0613761, 0.124029
0.052, 0.011, 0.01, 0.0883449, -0.0571011, 0.102863
0.028, 0.013, 0.011, 0.0636341, -0.0524631, 0.0946366
0.01, 0.01, 0.01, 0.0385501, -0.0491616, 0.102364
0.01, 0.01, 0.01, 0.106925, -0.0683802, 0.198109
0.01, 0.01, 0.01, 0.122869, -0.0690626, 0.177011
0.012, 0.023, 0.01, 0.123948, -0.0669287, 0.150665
0.037, 0.01, 0.033, 0.109766, -0.0627605, 0.128726
0.01, 0.01, 0.01, 0.132665, -0.0686745, 0.154819
0.01, 0.01, 0.01, 0.133413, -0.0664875, 0.128467
0.026, 0.011, 0.016, 0.118954, -0.0622917, 0.106715
0.055, 0.01, 0.05, 0.0945874, -0.0576248, 0.0975344
0.016, 0.012, 0.01, 0.128499, -0.0636447, 0.10488
0.029, 0.01, 0.015, 0.113766, -0.059422, 0.083318
0.052, 0.01, 0.016, 0.0892811, -0.0547639, 0.0744515
0.032, 0.01, 0.03, 0.0640176, -0.0513771, 0.0815294
0.048, 0.01, 0.012, 0.0960146, -0.0552083, 0.067327
0.038, 0.01, 0.033, 0.0714163, -0.0505596, 0.0587756
0.016, 0.01, 0.032, 0.0462394, -0.0472147, 0.0661745
0.01, 0.01, 0.01, 0.0297099, -0.0463993, 0.0868124
0.01, 0.01, 0.01, 0.140354, -0.0673659, 0.125927
0.01, 0.01, 0.01, 0.141772, -0.0652868, 0.0995935
0.01, 0.01, 0.01, 0.127876, -0.0611476, 0.0774667
0.034, 0.01, 0.012, 0.103759, -0.0564651, 0.0676555
0.01, 0.01, 0.01, 0.137461, -0.0625285, 0.0758789
0.01, 0.01, 0.01, 0.123286, -0.0583611, 0.0539352
0.01, 0.01, 0.01, 0.099044, -0.0536858, 0.0444347
0.041, 0.01, 0.01, 0.0736176, -0.050216, 0.0508587
0.01, 0.01, 0.01, 0.105954, -0.0541735, 0.0374844
0.01, 0.01, 0.01, 0.0815903, -0.0495063, 0.028296
0.01, 0.01, 0.01, 0.0562422, -0.0460772, 0.0350433
0.01, 0.01, 0.01, 0.0391988, -0.0451429, 0.0552537
0.01, 0.01, 0.01, 0.0578437, -0.0454857, 0.0253799
0.01, 0.01, 0.01, 0.0325779, -0.0420979, 0.0324493
0.01, 0.01, 0.01, 0.0157868, -0.0412221, 0.0528724
0.01, 0.01, 0.01, 0.0136234, -0.0431794, 0.079165
0.01, 0.01, 0.01, -0.0392693, -0.0635957, 0.23306
0.01, 0.01, 0.01, -0.0142267, -0.0603133, 0.240928
0.01, 0.01, 0.01, 0.0105313, -0.0556802, 0.232842
0.01, 0.01, 0.01, 0.0259319, -0.0513942, 0.211764
0.01, 0.01, 0.01, 0.00970135, -0.0566629, 0.24257
0.01, 0.01, 0.01, 0.0343514, -0.0520191, 0.234167
0.021, 0.01, 0.01, 0.0494834, -0.0477583, 0.21289
0.01, 0.01, 0.01, 0.0495522, -0.0454419, 0.186538
0.024, 0.01, 0.011, 0.054483, -0.0477043, 0.221334
0.027, 0.016, 0.017, 0.0693439, -0.0434694, 0.199862
0.016, 0.019, 0.015, 0.0690817, -0.0412052, 0.173507
0.01, 0.01, 0.01, 0.0537923, -0.0417413, 0.151925
0.026, 0.013, 0.01, 0.0780049, -0.040135, 0.177447
0.024, 0.02, 0.052, 0.0774117, -0.0379234, 0.151093
0.017, 0.016, 0.015, 0.0618552, -0.0385188, 0.129704
0.01, 0.01, 0.01, 0.037036, -0.0417032, 0.121121
0.01, 0.01, 0.01, 0.0391022, -0.0517665, 0.23989
0.01, 0.01, 0.01, 0.0639667, -0.0471451, 0.23213
0.015, 0.012, 0.01, 0.0796404, -0.0428339, 0.21126
0.032, 0.019, 0.015, 0.0803797, -0.0404129, 0.184927
0.01, 0.01, 0.01, 0.0844252, -0.0428248, 0.219827
0.01, 0.01, 0.01, 0.0998328, -0.0385381, 0.198755
0.03, 0.01, 0.01, 0.100241, -0.0361685, 0.172411
0.033, 0.021, 0.011, 0.0855007, -0.0365844, 0.150448
0.017, 0.034, 0.01, 0.109064, -0.0351343, 0.176579
0.031, 0.011, 0.011, 0.109142, -0.0328165, 0.150227
0.052, 0.015, 0.013, 0.0941292, -0.0332917, 0.128451
0.034, 0.014, 0.01, 0.0695279, -0.0363858, 0.11923
0.055, 0.01, 0.01, 0.103627, -0.0316265, 0.126632
0.052, 0.011, 0.01, 0.0883449, -0.0321612, 0.105045
0.028, 0.013, 0.011, 0.0636341, -0.0353001, 0.0961382
0.01, 0.01, 0.01, 0.0385502, -0.039893, 0.103175
0.01, 0.01, 0.01, 0.106925, -0.0375927, 0.200802
0.01, 0.01, 0.01, 0.122869, -0.0332571, 0.180143
0.012, 0.028, 0.01, 0.123948, -0.0307837, 0.153827
0.037, 0.01, 0.019, 0.109766, -0.0310789, 0.131498
0.01, 0.01, 0.01, 0.132665, -0.029786, 0.158222
0.01, 0.01, 0.01, 0.133413, -0.0273636, 0.13189
0.026, 0.012, 0.01, 0.118955, -0.0277183, 0.109739
0.055, 0.01, 0.047, 0.0945875, -0.0307201, 0.0998883
0.016, 0.016, 0.01, 0.128499, -0.0260674, 0.108167
0.029, 0.011, 0.01, 0.113766, -0.0264816, 0.0861999
0.052, 0.01, 0.01, 0.0892812, -0.0295292, 0.0766592
0.032, 0.01, 0.03, 0.0640176, -0.0340935, 0.0830415
0.048, 0.01, 0.013, 0.0960147, -0.0278545, 0.0697201
0.038, 0.01, 0.034, 0.0714164, -0.0309474, 0.0604914
0.016, 0.01, 0.022, 0.0462394, -0.0355262, 0.0671971
0.01, 0.01, 0.01, 0.0297099, -0.0399129, 0.0873799
0.01, 0.01, 0.01, 0.140354, -0.0260577, 0.129541
0.01, 0.01, 0.01, 0.141772, -0.0235323, 0.103247
0.01, 0.01, 0.01, 0.127876, -0.0237663, 0.0807371
0.034, 0.011, 0.01, 0.103759, -0.0266738, 0.0702619
0.01, 0.01, 0.01, 0.137461, -0.0221307, 0.0794133
0.01, 0.01, 0.01, 0.123287, -0.0224243, 0.0570793
0.01, 0.01, 0.01, 0.0990441, -0.0253786, 0.0469112
0.041, 0.01, 0.011, 0.0736176, -0.0299111, 0.0526352
0.01, 0.01, 0.01, 0.105954, -0.0236915, 0.0401512
0.01, 0.01, 0.01, 0.0815904, -0.0266921, 0.0302919
0.01, 0.01, 0.01, 0.0562422, -0.0312406, 0.0363413
0.01, 0.01, 0.01, 0.0391988, -0.0356702, 0.0560824
0.01, 0.01, 0.01, 0.0578437, -0.0301451, 0.026722
0.01, 0.01, 0.01, 0.032578, -0.0347089, 0.0330958
0.01, 0.01, 0.01, 0.0157868, -0.0391177, 0.0530565
0.01, 0.01, 0.01, 0.0136234, -0.0417558, 0.0792895
0.01, 0.01, 0.01, -0.0345593, -0.0780773, 0.231793
0.01, 0.01, 0.01, -0.0119552, -0.0672972, 0.240317
0.01, 0.01, 0.01, 0.0103919, -0.0552516, 0.232879
0.01, 0.01, 0.01, 0.0242928, -0.0463547, 0.212205
0.01, 0.01, 0.01, 0.00964279, -0.0564828, 0.242586
0.01, 0.01, 0.01, 0.0318926, -0.0444589, 0.234828
0.01, 0.01, 0.01, 0.045551, -0.0356676, 0.213948
0.01, 0.01, 0.01, 0.0456131, -0.0333306, 0.187598
0.01, 0.01, 0.01, 0.0500638, -0.0341168, 0.222523
0.01, 0.01, 0.01, 0.0634776, -0.0254325, 0.20144
0.01, 0.01, 0.01, 0.0632409, -0.0232468, 0.175078
0.01, 0.01, 0.01, 0.0494404, -0.0283606, 0.153096
0.01, 0.01, 0.01, 0.0712952, -0.0195051, 0.179252
0.01, 0.01, 0.01, 0.0707598, -0.017471, 0.152882
0.01, 0.01, 0.01, 0.0567181, -0.0227241, 0.131086
0.01, 0.01, 0.01, 0.0343157, -0.0333392, 0.121852
0.01, 0.01, 0.01, 0.0361807, -0.0427839, 0.240676
0.01, 0.01, 0.01, 0.058624, -0.0307181, 0.233567
0.01, 0.01, 0.01, 0.0727714, -0.0217143, 0.213108
0.01, 0.01, 0.01, 0.0734387, -0.019072, 0.186794
0.01, 0.01, 0.01, 0.0770903, -0.0202727, 0.2218
0.01, 0.01, 0.01, 0.0909976, -0.011373, 0.201132
0.01, 0.01, 0.01, 0.0913662, -0.00888114, 0.174798
0.01, 0.01, 0.01, 0.0780611, -0.0137102, 0.152449
0.01, 0.01, 0.01, 0.0993302, -0.00520523, 0.179198
0.01, 0.01, 0.01, 0.0994001, -0.00286427, 0.152848
0.01, 0.01, 0.01, 0.0858493, -0.00783425, 0.130678
0.01, 0.01, 0.01, 0.0636437, -0.0182939, 0.120813
0.01, 0.01, 0.01, 0.0944225, -0.00332537, 0.129108
0.01, 0.01, 0.01, 0.0806284, -0.00843546, 0.107121
0.01, 0.01, 0.01, 0.0583238, -0.0189727, 0.0975666
0.01, 0.01, 0.01, 0.0356824, -0.0310758, 0.103946
0.01, 0.01, 0.01, 0.0973993, -0.00830411, 0.203365
0.01, 0.01, 0.01, 0.111791, 0.000805094, 0.183123
0.01, 0.01, 0.01, 0.112765, 0.00360147, 0.156836
0.01, 0.01, 0.01, 0.0999637, -0.000939722, 0.134135
0.01, 0.01, 0.01, 0.120633, 0.00720915, 0.161458
0.01, 0.01, 0.01, 0.121308, 0.00985547, 0.135146
0.01, 0.01, 0.01, 0.108257, 0.00517182, 0.112617
0.01, 0.01, 0.01, 0.086263, -0.00512546, 0.102127
0.01, 0.01, 0.01, 0.116872, 0.00968037, 0.111295
0.01, 0.01, 0.01, 0.103574, 0.00485501, 0.0889415
0.01, 0.01, 0.01, 0.0814734, -0.00552325, 0.0787595
0.01, 0.01, 0.01, 0.05867, -0.0176513, 0.08448
0.01, 0.01, 0.01, 0.0875512, -0.0018325, 0.0719968
0.01, 0.01, 0.01, 0.0653482, -0.0122901, 0.0621237
0.01, 0.01, 0.01, 0.0426229, -0.0244068, 0.0681699
0.01, 0.01, 0.01, 0.027703, -0.0337424, 0.0879197
0.01, 0.01, 0.01, 0.127573, 0.0132393, 0.132979
0.01, 0.01, 0.01, 0.128853, 0.0161892, 0.106722
0.01, 0.01, 0.01, 0.11631, 0.011795, 0.0838483
0.01, 0.01, 0.01, 0.0945419, 0.0016669, 0.0727414
0.01, 0.01, 0.01, 0.124962, 0.0163002, 0.0827755
0.01, 0.01, 0.01, 0.112167, 0.0117628, 0.0600703
0.01, 0.01, 0.01, 0.0902857, 0.00155038, 0.0492672
0.01, 0.01, 0.01, 0.0673352, -0.0105947, 0.0543251
0.01, 0.01, 0.01, 0.096523, 0.0053064, 0.0426882
0.01, 0.01, 0.01, 0.0745315, -0.00498872, 0.0321907
0.01, 0.01, 0.01, 0.0516517, -0.0171264, 0.0375761
0.01, 0.01, 0.01, 0.0362679, -0.0266587, 0.0568708
0.01, 0.01, 0.01, 0.0530972, -0.0155514, 0.0279988
0.01, 0.01, 0.01, 0.0302918, -0.0276797, 0.0337108
0.01, 0.01, 0.01, 0.0151357, -0.0371157, 0.0532317
0.01, 0.01, 0.01, 0.0131829, -0.0404015, 0.079408
