  0.972541  0.0148532   0.232258  -0.192116
-0.0111415   0.999789 -0.0172845  0.0424845
 -0.232465  0.0142222   0.972501 -0.0160449
         0          0          0          1
           1 -0.000431037  9.42331e-05  -9.9577e-05
 0.000430866            1  4.12902e-05  1.45733e-05
-9.42536e-05 -4.12513e-05            1 -5.81145e-05
           0            0            0            1
 0.851313 -0.390973 -0.349865  0.223441
 0.431165  0.901297 0.0419418 0.0454281
 0.298934 -0.186555  0.935861 0.0374692
        0         0         0         1
