    0.97232   0.0141398    0.233223   -0.191902
-0.00988832    0.999763  -0.0193886   0.0424916
  -0.233442   0.0165457     0.97223  -0.0165178
          0           0           0           1
           1 -0.000365826  0.000255963 -0.000173538
 0.000365774            1 -0.000100283  7.07507e-05
 -0.00025592  0.000100373            1 -5.84722e-05
           0            0            0            1
 0.850436 -0.390002 -0.353069  0.223085
 0.430288  0.901791 0.0403094 0.0452581
 0.302674 -0.186202  0.934728 0.0375152
        0         0         0         1
