  0.972432  0.0143484   0.232745  -0.191727
-0.0101588   0.999764 -0.0191896  0.0425954
 -0.232966  0.0162961   0.972348 -0.0166131
         0          0          0          1
           1 -8.11547e-05 -0.000283694 -3.72091e-05
 8.11694e-05            1  8.34456e-05  3.55542e-05
 0.000283686 -8.34689e-05            1 -8.44002e-05
           0            0            0            1
 0.850523 -0.389498 -0.353416  0.223179
 0.429937  0.901943 0.0406499 0.0451827
 0.302928  -0.18652  0.934583 0.0375587
        0         0         0         1
