   0.972245   0.0142293    0.233534    -0.19194
-0.00995208    0.999761  -0.0194832   0.0425055
  -0.233755   0.0166183    0.972154  -0.0165336
          0           0           0           1
           1 -0.000353534  0.000419009 -0.000150302
 0.000353731            1 -0.000264076  6.15716e-05
-0.000418922  0.000264226            1 -0.000119448
           0            0            0            1
 0.850479 -0.390092 -0.352865  0.223136
 0.430293  0.901796 0.0401628 0.0452726
 0.302545 -0.185993  0.934812 0.0374262
        0         0         0         1
