  0.972326  0.0145814   0.233172   -0.19184
-0.0102735   0.999754 -0.0196781  0.0426262
 -0.233402   0.016738   0.972237 -0.0167357
         0          0          0          1
           1  7.53464e-05 -3.22405e-05 -0.000127277
-7.52335e-05            1 -0.000158792  8.39233e-05
 3.22293e-05  0.000158797            1 -0.000184655
           0            0            0            1
 0.850625 -0.389397 -0.353281  0.223108
 0.429739  0.902047 0.0404547 0.0451483
 0.302923  -0.18623  0.934642 0.0374237
        0         0         0         1
