    0.97229   0.0140364    0.233359   -0.191894
-0.00971969     0.99976  -0.0196369   0.0425123
  -0.233578   0.0168246    0.972193  -0.0165843
          0           0           0           1
           1 -0.000529669  0.000221038 -0.000132706
 0.000529746            1 -0.000173768  2.45869e-05
-0.000220949  0.000173887            1 -6.14524e-05
           0            0            0            1
 0.850569 -0.389866 -0.352897  0.223053
 0.429994  0.901947 0.0399564 0.0452172
 0.302717 -0.185729  0.934809 0.0373521
        0         0         0         1
