   0.972533   0.0141544    0.232332   -0.191829
-0.00983176    0.999757  -0.0197528   0.0424418
  -0.232555    0.016926    0.972436   -0.017064
          0           0           0           1
           1 -0.000153489 -0.000920106 -0.000156967
 0.000153034            1 -0.000353278 -4.74155e-05
 0.000920163  0.000353133     0.999999 -0.000420928
           0            0            0            1
 0.850311 -0.389445 -0.353982  0.223031
  0.42974  0.902073 0.0398494 0.0450304
 0.303799 -0.186005  0.934403 0.0372494
        0         0         0         1
