  0.972407  0.0143047   0.232854  -0.191755
-0.0100109   0.999758 -0.0196111  0.0425533
 -0.233078  0.0167389   0.972314 -0.0167791
         0          0          0          1
           1 -0.000152852 -8.28579e-05 -7.86409e-06
 0.000153114            1 -0.000433104 -9.11951e-06
 8.29194e-05  0.000433096            1 -0.000302494
           0            0            0            1
 0.850476 -0.389586 -0.353431  0.223224
 0.429893  0.901983  0.040218 0.0451539
 0.303121 -0.186142  0.934595  0.037434
        0         0         0         1
