  0.972262  0.0143395   0.233456  -0.191907
  -0.01002   0.999756 -0.0196774  0.0425609
 -0.233682  0.0167924   0.972168 -0.0165373
         0          0          0          1
           1 -0.000227021  0.000397203 -0.000181885
 0.000227573            1 -0.000376427  7.84695e-05
-0.000397123   0.00037652            1 -0.000143051
           0            0            0            1
 0.850587 -0.389821 -0.352903  0.223047
 0.429963   0.90196 0.0400039 0.0452054
  0.30271 -0.185762  0.934804 0.0373799
        0         0         0         1
