  0.972476  0.0148504   0.232531   -0.19214
-0.0110553   0.999784 -0.0176151  0.0425014
 -0.232743  0.0145595    0.97243 -0.0160672
         0          0          0          1
           1  -0.00029981   0.00028291 -0.000128652
 0.000300027            1 -0.000324681  3.16203e-05
-0.000282811  0.000324768            1 -0.000167787
           0            0            0            1
 0.851322  -0.39097 -0.349847  0.223413
 0.431087  0.901346  0.041717 0.0454346
 0.299023 -0.186329  0.935877 0.0374683
        0         0         0         1
