   0.972595   0.0134978    0.232114   -0.191834
-0.00932597    0.999775  -0.0190616   0.0424392
  -0.232319   0.0163745    0.972502  -0.0169292
          0           0           0           1
    0.999998  -0.00119725  -0.00126741 -3.30936e-05
  0.00119746     0.999999  0.000262902  7.05719e-05
  0.00126711 -0.000264424     0.999999 -0.000142932
           0            0            0            1
 0.849771 -0.390287  -0.35435  0.223099
 0.430851  0.901524 0.0402754 0.0454313
 0.303736 -0.186897  0.934245 0.0376637
        0         0         0         1
