   0.972531   0.0137548    0.232366   -0.191795
-0.00952922    0.999768  -0.0192986   0.0423935
  -0.232578   0.0165542    0.972437  -0.0168321
          0           0           0           1
    0.999999 -0.000854737 -0.000899786 -6.25569e-06
 0.000854557            1 -9.98909e-05   2.0355e-05
 0.000899872  9.91235e-05            1 -0.000127017
           0            0            0            1
 0.849951 -0.390118 -0.354105   0.22319
 0.430568  0.901667 0.0401143 0.0453405
 0.303635 -0.186561  0.934345 0.0376653
        0         0         0         1
