  0.972522  0.0146483    0.23235   -0.19213
-0.0108477   0.999786 -0.0176273   0.042506
 -0.232559  0.0146224   0.972472 -0.0161238
         0          0          0          1
           1 -0.000610104  0.000163898 -8.17371e-05
 0.000610069            1 -0.000282628  4.70281e-05
-0.000163728  0.000282727            1  -0.00010252
           0            0            0            1
 0.851205 -0.391106 -0.349979  0.223426
 0.431335  0.901216 0.0419546 0.0454949
 0.298998  -0.18667  0.935818 0.0375883
        0         0         0         1
