   0.972342   0.0139776    0.233145   -0.191783
-0.00968591    0.999762  -0.0195414   0.0424224
  -0.233362   0.0167427    0.972246  -0.0166636
          0           0           0           1
           1 -0.000639121  2.46521e-05 -9.04081e-06
 0.000639273            1 -0.000309358  1.75834e-06
-2.44547e-05  0.000309374            1 -0.000170231
           0            0            0            1
 0.850348 -0.390166 -0.353099  0.223234
 0.430362  0.901771 0.0399783 0.0452349
 0.302817 -0.185956  0.934731 0.0373992
        0         0         0         1
