  0.972342  0.0139221   0.233144  -0.191571
-0.0098424   0.999777 -0.0186532  0.0425581
 -0.233352  0.0158426   0.972263 -0.0165008
         0          0          0          1
           1 -0.000570242  -0.00011293  0.000193137
  0.00057043     0.999999  0.000676275  0.000152111
 0.000112543 -0.000676339            1   0.00010556
           0            0            0            1
 0.850277 -0.389986 -0.353469  0.223415
 0.430611  0.901601 0.0410984 0.0454256
 0.302661 -0.187153  0.934543 0.0377206
        0         0         0         1
