  0.972577  0.0153571   0.232072  -0.192135
-0.0115607   0.999776 -0.0177099  0.0426061
 -0.232292  0.0145414   0.972538 -0.0162347
         0          0          0          1
           1 -5.51088e-05 -0.000280282 -9.01152e-05
 5.52455e-05            1 -7.42131e-05   6.1214e-05
  0.00028028  7.41994e-05            1 -0.000161648
           0            0            0            1
 0.851489 -0.390303 -0.350187  0.223371
 0.430641  0.901531 0.0423075 0.0452917
 0.299192 -0.186829  0.935724 0.0375779
        0         0         0         1
