  0.972589  0.0150972   0.232041  -0.192067
-0.0112588   0.999777 -0.0178573   0.042539
 -0.232259  0.0147553   0.972542 -0.0163089
         0          0          0          1
           1 -0.000359429 -0.000298304  1.53296e-06
 0.000359201            1 -0.000626166  2.41101e-05
 0.000298524   0.00062606            1 -0.000332057
           0            0            0            1
 0.851273  -0.39073 -0.350234  0.223506
 0.430859  0.901462 0.0415461 0.0453745
 0.299489 -0.186269  0.935741 0.0374301
        0         0         0         1
