  0.972502  0.0153084   0.232392  -0.192016
-0.0115251   0.999778 -0.0176274  0.0425721
  -0.23261  0.0144643   0.972463 -0.0160073
         0          0          0          1
           1  9.35488e-05 -9.21078e-06 -1.70618e-06
 -9.3407e-05            1  1.36369e-05  1.28746e-05
 9.20705e-06 -1.36325e-05            1  1.47223e-05
           0            0            0            1
 0.851483 -0.390507 -0.349973  0.223537
 0.430781  0.901469  0.042211 0.0453068
 0.299006 -0.186704  0.935808 0.0376514
        0         0         0         1
