   0.972241   0.0141234    0.233553    -0.19185
-0.00983092    0.999761  -0.0195336     0.04253
  -0.233773   0.0166953    0.972148  -0.0165458
          0           0           0           1
           1 -0.000417903  0.000330543    -0.000161
 0.000417905            1 -0.000139572  5.02467e-05
-0.000330489  0.000139709            1 -4.20213e-05
           0            0            0            1
 0.850491 -0.390051 -0.352881  0.223156
 0.430257  0.901812 0.0401763 0.0452828
 0.302561 -0.185999  0.934805 0.0374614
        0         0         0         1
