   0.972495   0.0139584    0.232508   -0.191926
-0.00984159    0.999774  -0.0188559   0.0424274
  -0.232718    0.016049    0.972412  -0.0166225
          0           0           0           1
           1  -0.00042614  1.55307e-05  4.31268e-05
 0.000426411            1  7.27586e-05  3.03984e-06
-1.55643e-05 -7.27503e-05            1 -2.72989e-05
           0            0            0            1
  0.85032 -0.390365 -0.352946  0.223372
 0.430577  0.901663 0.0400942 0.0452967
 0.302587 -0.186064  0.934784 0.0372834
        0         0         0         1
