 0.752277  0.447537  0.483518 -0.370731
-0.345656  0.892866 -0.288638   0.16963
-0.560894 0.0500047  0.826377 0.0960091
        0         0         0         1
 0.850602  0.430486  0.301922  -0.22083
-0.390214  0.901682 -0.186288 0.0533908
-0.352433 0.0406427  0.934955 0.0419077
        0         0         0         1
           1 -0.000197671 -0.000163734  3.83332e-05
  0.00019801            1  8.79914e-05 -1.57654e-05
 0.000163734 -8.80808e-05            1  4.93526e-05
           0            0            0            1
