  0.75222  0.447636  0.483515 -0.370703
-0.345519  0.892798 -0.289013  0.169656
-0.561053  0.050338  0.826247 0.0959586
        0         0         0         1
 0.850513  0.430605  0.302004 -0.220836
-0.390188  0.901611 -0.186683 0.0534216
-0.352677 0.0409385  0.934849 0.0418188
        0         0         0         1
           1 -0.000113472  3.31998e-05  6.53639e-05
 0.000113405            1 -0.000216559  -1.3411e-06
-3.32892e-05  0.000216633            1 -4.31538e-05
           0            0            0            1
