  0.75222  0.447658  0.483494 -0.370719
-0.345693    0.8928 -0.288798  0.169643
-0.560946  0.050099  0.826335 0.0960374
        0         0         0         1
 0.850446  0.430801  0.301915 -0.220896
-0.390371  0.901517 -0.186755 0.0534328
-0.352636 0.0409661  0.934863 0.0418365
        0         0         0         1
           1  2.62558e-05  1.85966e-05 -7.82311e-06
-2.64533e-05            1 -3.53903e-05 -1.48118e-05
-1.86861e-05  3.54499e-05            1  1.04904e-05
           0            0            0            1
