 0.752421  0.447408  0.483414  -0.37068
-0.345413  0.892914 -0.288782    0.1696
 -0.56085 0.0503085  0.826388 0.0959238
        0         0         0         1
 0.850668   0.43033  0.301962 -0.220735
-0.389997  0.901748  -0.18642 0.0533659
-0.352516 0.0408171  0.934916 0.0418528
        0         0         0         1
           1 -0.000101976 -4.38988e-05  7.65771e-05
 0.000101928            1 -5.65499e-05 -1.35303e-05
 4.38988e-05   5.6535e-05            1 -1.30534e-05
           0            0            0            1
