  0.972432  0.0144117   0.232742  -0.192153
-0.0103363   0.999771 -0.0187209   0.042467
 -0.232958  0.0157991   0.972358 -0.0164688
         0          0          0          1
           1 -0.000542409   0.00011429 -6.31586e-05
 0.000542764            1  -0.00018287  2.35736e-05
-0.000114193  0.000182936            1  -0.00010401
           0            0            0            1
 0.850385 -0.390612 -0.352514  0.223307
 0.430845  0.901522  0.040392  0.045293
 0.302022 -0.186228  0.934934 0.0373715
        0         0         0         1
