 0.752289  0.447524  0.483511 -0.370678
-0.345574  0.892866 -0.288736  0.169686
-0.560927  0.050124  0.826346 0.0959986
        0         0         0         1
 0.850535    0.4305  0.302094 -0.220769
-0.390245  0.901681 -0.186224 0.0534227
-0.352562 0.0404998  0.934911 0.0419774
        0         0         0         1
           1  2.51979e-05 -4.24981e-05  6.52075e-05
-2.52947e-05            1  0.000329241 -1.31726e-05
 4.24087e-05 -0.000329182            1  0.000136852
           0            0            0            1
