 0.752236  0.447714  0.483418 -0.370804
-0.345563  0.892754 -0.289095  0.169695
-0.561005 0.0504158  0.826276 0.0958813
        0         0         0         1
 0.850559  0.430481   0.30205 -0.220831
-0.390057   0.90167 -0.186676 0.0534207
 -0.35271 0.0409622  0.934836 0.0418061
        0         0         0         1
           1 -8.57152e-05   3.0905e-05 -1.60933e-06
 8.55997e-05            1 -0.000154316  2.21133e-05
 -3.0905e-05  0.000154331            1 -5.62072e-05
           0            0            0            1
