  0.75225  0.447685  0.483423 -0.370734
-0.345786  0.892791 -0.288716  0.169673
-0.560849 0.0500254  0.826405 0.0959926
        0         0         0         1
 0.850495  0.430641  0.302004 -0.220853
-0.390338  0.901608 -0.186384 0.0534098
-0.352553 0.0406351  0.934909 0.0418878
        0         0         0         1
           1  9.12696e-05  3.96371e-06 -3.18959e-05
   -9.14e-05            1 -0.000131071 -2.08616e-07
-4.02331e-06    0.0001311            1 -5.78165e-05
           0            0            0            1
