  0.75216  0.447764  0.483491 -0.370762
-0.345675  0.892739 -0.289009  0.169718
-0.561039 0.0502501  0.826263  0.095929
        0         0         0         1
  0.85045  0.430706  0.302039 -0.220897
-0.390338  0.901571 -0.186563 0.0534673
-0.352663 0.0407651  0.934862 0.0418399
        0         0         0         1
           1  0.000107281  9.53972e-05 -6.56769e-05
-0.000107292            1  7.18981e-05 -2.20537e-05
 -9.5427e-05 -7.18981e-05            1 -1.27554e-05
           0            0            0            1
