  0.75209  0.447835  0.483533 -0.370781
-0.345869  0.892717 -0.288844  0.169748
-0.561013 0.0499976  0.826296 0.0960282
        0         0         0         1
  0.85054  0.430577  0.301968 -0.220855
-0.390265  0.901636 -0.186404 0.0534122
-0.352527 0.0406964  0.934916 0.0418781
        0         0         0         1
           1   9.9428e-05  3.28422e-05 -7.37086e-05
-9.96254e-05            1 -0.000160649 -1.27256e-05
 -3.2872e-05  0.000160649            1 -7.09891e-05
           0            0            0            1
