 0.752164  0.447725  0.483519 -0.370763
-0.345776   0.89277 -0.288791  0.169712
 -0.56097 0.0500286  0.826322 0.0959934
        0         0         0         1
 0.850324  0.430926  0.302079 -0.220958
-0.390549  0.901469 -0.186616 0.0534868
-0.352732 0.0407069  0.934838 0.0418652
        0         0         0         1
           1  6.16089e-05  2.69711e-05 -3.51816e-05
-6.16647e-05            1  3.24696e-05 -1.18017e-05
-2.70009e-05 -3.24547e-05            1   2.0206e-05
           0            0            0            1
