 0.752032  0.447907  0.483558 -0.370757
-0.345812  0.892672  -0.28905  0.169767
-0.561126 0.0501547   0.82621 0.0959772
        0         0         0         1
 0.850417  0.430728  0.302101  -0.22089
-0.390397  0.901567  -0.18646 0.0534743
-0.352678 0.0406292  0.934862 0.0419261
        0         0         0         1
           1  2.53767e-05  0.000160187  5.04404e-06
-2.52947e-05            1 -1.19358e-05  1.10269e-06
-0.000160247  1.19507e-05            1 -3.27826e-06
           0            0            0            1
