 0.752296  0.447548  0.483479   -0.3707
 -0.34564  0.892857 -0.288685   0.16965
-0.560878 0.0500663  0.826383 0.0959706
        0         0         0         1
 0.850522  0.430641  0.301929 -0.220862
-0.390261  0.901598 -0.186595 0.0534389
-0.352574 0.0408718  0.934891 0.0418257
        0         0         0         1
           1  0.000150058  6.77705e-05 -7.62865e-05
-0.000149909            1  2.04146e-06  1.43647e-05
-6.77407e-05 -2.10106e-06            1 -1.19209e-07
           0            0            0            1
