 0.752222  0.447615  0.483531 -0.370704
-0.345628   0.89282 -0.288815  0.169675
-0.560984 0.0501309  0.826307 0.0960054
        0         0         0         1
 0.850559  0.430522  0.301994 -0.220806
-0.390173  0.901658 -0.186488  0.053437
-0.352583 0.0407891  0.934891  0.041899
        0         0         0         1
           1  -9.6418e-05 -2.50936e-05  5.94333e-05
 9.62391e-05            1  -0.00011377  2.55108e-05
  2.5183e-05  0.000113815            1 -8.40425e-06
           0            0            0            1
