 0.752268  0.447558  0.483513 -0.370686
-0.345691  0.892858 -0.288622  0.169657
-0.560884 0.0499749  0.826385 0.0960021
        0         0         0         1
 0.850578  0.430533  0.301925  -0.22077
-0.390207  0.901654 -0.186438 0.0533844
  -0.3525  0.040767  0.934923 0.0418437
        0         0         0         1
           1 -0.000100095 -6.23763e-05  3.71635e-05
 0.000100184            1  0.000138462  2.29478e-06
 6.23763e-05 -0.000138491            1  3.23653e-05
           0            0            0            1
