 0.752298  0.447583  0.483443 -0.370741
-0.345736  0.892845 -0.288608  0.169663
-0.560816 0.0499755  0.826431 0.0959834
        0         0         0         1
 0.850477  0.430696  0.301977 -0.220885
-0.390349  0.901577 -0.186512   0.05344
-0.352586 0.0407474  0.934892 0.0418534
        0         0         0         1
           1  1.62311e-05  2.39313e-05 -2.39834e-05
-1.60709e-05            1  0.000182822 -3.09348e-05
-2.39015e-05 -0.000182867            1  6.65784e-05
           0            0            0            1
