 0.752282  0.447647  0.483409 -0.370741
-0.345832  0.892816 -0.288581  0.169683
-0.560778 0.0499161   0.82646 0.0960415
        0         0         0         1
 0.850551  0.430462  0.302102 -0.220806
-0.390207    0.9017 -0.186216 0.0534158
-0.352564 0.0405036  0.934911 0.0419798
        0         0         0         1
           1  3.71933e-05  0.000110745 -2.07722e-05
-3.72082e-05            1  5.04404e-05  5.03659e-06
-0.000110775 -5.04106e-05            1  2.47955e-05
           0            0            0            1
