 0.752142  0.447742  0.483538 -0.370761
-0.345718  0.892757 -0.288902  0.169685
-0.561036 0.0501276  0.826272 0.0960027
        0         0         0         1
  0.85045  0.430673  0.302084 -0.220867
-0.390223  0.901578 -0.186768  0.053416
-0.352789 0.0409564  0.934806 0.0418218
        0         0         0         1
           1 -2.55443e-05  5.00679e-05 -1.31726e-05
 2.53506e-05            1  7.00355e-07  6.94394e-06
-5.01275e-05 -6.85453e-07            1 -2.16365e-05
           0            0            0            1
