 0.752359  0.447439  0.483482 -0.370686
-0.345494  0.892906  -0.28871  0.169627
-0.560884 0.0501739  0.826373 0.0959423
        0         0         0         1
 0.850593  0.430455  0.301992 -0.220784
-0.390128  0.901692  -0.18642 0.0533945
-0.352549 0.0407517  0.934906 0.0418535
        0         0         0         1
           1 -0.000163637 -3.56436e-05  6.78003e-05
 0.000163611            1  4.34667e-05  2.18153e-05
  3.5584e-05 -4.34816e-05            1  8.10623e-06
           0            0            0            1
