 0.752263  0.447569   0.48351 -0.370736
-0.345619  0.892845 -0.288749  0.169651
-0.560935 0.0501046  0.826342 0.0959366
        0         0         0         1
 0.850515  0.430625  0.301969 -0.220869
-0.390283   0.90161  -0.18649 0.0534247
-0.352566 0.0407592  0.934899  0.041865
        0         0         0         1
           1  -7.5534e-05  1.24574e-05  2.97055e-05
 7.56457e-05            1 -2.63155e-05   1.2666e-05
-1.24276e-05  2.63155e-05            1 -6.19888e-06
           0            0            0            1
