 0.752149  0.447677  0.483587 -0.370769
-0.345649  0.892789 -0.288885  0.169694
-0.561069 0.0501331   0.82625 0.0960184
        0         0         0         1
 0.850399  0.430692  0.302202 -0.220861
-0.390281  0.901577 -0.186653 0.0534311
-0.352848 0.0407857  0.934791 0.0418998
        0         0         0         1
           1  0.000100013 -2.40207e-05 -6.14524e-05
-9.98974e-05            1  3.47197e-06  2.01762e-05
 2.40505e-05 -3.48687e-06            1   -7.689e-06
           0            0            0            1
