 0.752318  0.447444  0.483541 -0.370732
-0.345436    0.8929 -0.288797  0.169655
-0.560974 0.0502343  0.826308  0.096011
        0         0         0         1
 0.850537  0.430554  0.302009 -0.220813
-0.390179  0.901641  -0.18656 0.0534034
-0.352627 0.0408384  0.934872 0.0418434
        0         0         0         1
           1  -0.00020384 -5.64456e-05  4.30718e-05
 0.000203837            1 -4.49568e-05  3.21865e-06
 5.64456e-05  4.49866e-05            1 -1.40667e-05
           0            0            0            1
