 0.752023  0.447725   0.48374 -0.370769
-0.345728  0.892774 -0.288837  0.169699
 -0.56119 0.0499701  0.826178 0.0961213
        0         0         0         1
 0.850369  0.430788  0.302151 -0.220869
-0.390393  0.901533 -0.186633  0.053398
-0.352798 0.0407491  0.934812 0.0418904
        0         0         0         1
           1  0.000124924   0.00025031  -5.8867e-05
-0.000124764            1 -6.81132e-05  7.77841e-06
 -0.00025028  6.80238e-05            1 -1.47223e-05
           0            0            0            1
