 0.752114  0.447635  0.483681 -0.370734
-0.345665  0.892817 -0.288779  0.169703
-0.561106  0.050003  0.826232 0.0961124
        0         0         0         1
 0.850425  0.430678  0.302147 -0.220823
-0.390284  0.901584 -0.186616 0.0534112
-0.352782 0.0407802  0.934816 0.0418698
        0         0         0         1
           1  8.95225e-05  4.32134e-05 -4.02257e-05
-8.95225e-05            1  2.01166e-06  1.57952e-06
-4.32134e-05 -2.02656e-06            1  1.12057e-05
           0            0            0            1
