 0.752324  0.447457  0.483519 -0.370711
-0.345582  0.892905 -0.288607  0.169634
-0.560875 0.0500308  0.826387 0.0960245
        0         0         0         1
 0.850449  0.430745  0.301986 -0.220875
-0.390351  0.901549 -0.186642 0.0534052
 -0.35265 0.0408495  0.934863 0.0418444
        0         0         0         1
           1  1.19284e-05 -6.20484e-05  1.09524e-05
-1.17831e-05            1  6.05583e-05 -1.29342e-05
 6.20484e-05 -6.05434e-05            1  2.08616e-06
           0            0            0            1
