 0.752173  0.447589  0.483631 -0.370708
 -0.34562  0.892837 -0.288769  0.169659
-0.561054 0.0500517  0.826265 0.0960492
        0         0         0         1
 0.850422  0.430646  0.302201 -0.220809
-0.390282  0.901603 -0.186525 0.0533986
-0.352792  0.040682  0.934817 0.0419059
        0         0         0         1
           1 -1.89245e-06  1.77324e-05  4.69387e-07
 1.62795e-06            1  7.59065e-05 -2.42293e-05
-1.77324e-05  -7.5832e-05            1  2.29478e-05
           0            0            0            1
