 0.752021  0.447673   0.48379  -0.37073
-0.345592  0.892793 -0.288941   0.16972
-0.561276  0.050096  0.826111 0.0960883
        0         0         0         1
 0.850303   0.43085  0.302246 -0.220848
-0.390456  0.901506 -0.186627 0.0534726
-0.352885 0.0406761  0.934782 0.0419189
        0         0         0         1
           1   6.5688e-05  0.000209332 -1.90735e-05
-6.57476e-05            1 -0.000115663  4.73857e-05
-0.000209361  0.000115633            1 -8.82745e-05
           0            0            0            1
