 0.752223  0.447408  0.483722 -0.370672
-0.345435  0.892926 -0.288716  0.169623
-0.561102 0.0500844   0.82623 0.0960726
        0         0         0         1
 0.850518  0.430493   0.30215 -0.220743
-0.390114  0.901672 -0.186546 0.0533668
-0.352747 0.0407881   0.93483 0.0419227
        0         0         0         1
           1  3.95402e-05  5.88596e-05  2.56747e-05
-3.94545e-05            1 -0.000271574 -4.88758e-06
-5.88298e-05  0.000271589            1 -7.70688e-05
           0            0            0            1
