 0.752168   0.44759  0.483639 -0.370709
-0.345554  0.892832 -0.288867  0.169681
-0.561102 0.0501528  0.826226 0.0960029
        0         0         0         1
 0.850458  0.430619  0.302139 -0.220825
 -0.39021  0.901609 -0.186645 0.0534047
-0.352785 0.0408358  0.934813 0.0418775
        0         0         0         1
           1 -3.67649e-05  4.27067e-05  5.39124e-05
 3.67798e-05            1 -7.87079e-05  1.68085e-05
-4.27365e-05  7.86632e-05            1 -2.06828e-05
           0            0            0            1
