 0.752246    0.4475    0.4836 -0.370711
-0.345491  0.892875 -0.288807   0.16964
-0.561036 0.0501746   0.82627 0.0960384
        0         0         0         1
 0.850523  0.430573  0.302024 -0.220809
-0.390217  0.901634 -0.186512 0.0533985
-0.352622 0.0407774  0.934877 0.0418779
        0         0         0         1
           1  0.000118867 -8.69632e-05 -2.95863e-05
-0.000118785            1 -7.56681e-05 -1.24276e-05
 8.69632e-05  7.57128e-05            1  1.72853e-06
           0            0            0            1
