 0.752133  0.447716  0.483577  -0.37079
-0.345676  0.892769 -0.288915  0.169708
-0.561074 0.0501417  0.826246 0.0960216
        0         0         0         1
 0.850461  0.430675  0.302053 -0.220877
-0.390294  0.901585 -0.186589 0.0534123
-0.352686  0.040797  0.934852 0.0418696
        0         0         0         1
           1  0.000136398  6.47604e-05 -4.97103e-05
-0.000136212            1  5.81294e-05 -2.31564e-05
-6.47306e-05  -5.8189e-05            1  2.42591e-05
           0            0            0            1
