 0.752198  0.447563  0.483617  -0.37075
-0.345503  0.892841 -0.288899  0.169643
-0.561093 0.0502183  0.826227 0.0960283
        0         0         0         1
 0.850391  0.430725  0.302176 -0.220876
-0.390255  0.901554  -0.18682 0.0533916
-0.352896 0.0409443  0.934766 0.0418396
        0         0         0         1
           1 -6.72825e-05 -8.37743e-05 -6.10948e-07
 6.70217e-05            1 -0.000167832  3.60608e-06
 8.37445e-05  0.000167862            1 -4.71473e-05
           0            0            0            1
