 0.752165  0.447783  0.483464 -0.370809
 -0.34572  0.892731 -0.288978  0.169721
-0.561003 0.0502159  0.826289 0.0959872
        0         0         0         1
 0.850425  0.430694  0.302125 -0.220869
-0.390337   0.90158 -0.186522 0.0534088
-0.352724  0.040693  0.934842 0.0419123
        0         0         0         1
           1  0.000104323    6.634e-05 -4.35114e-05
-0.000104617            1  2.39462e-05  1.48118e-05
-6.63996e-05 -2.39015e-05            1  5.42402e-06
           0            0            0            1
