 0.752266  0.447478   0.48359 -0.370759
-0.345538  0.892891 -0.288702  0.169653
-0.560981 0.0500816  0.826312 0.0960454
        0         0         0         1
 0.850423  0.430686  0.302144 -0.220869
-0.390359  0.901588 -0.186438 0.0534059
-0.352706  0.040607  0.934853 0.0419769
        0         0         0         1
           1 -2.55108e-05  1.55568e-05 -2.30372e-05
 2.52984e-05            1 -7.26581e-05 -3.60608e-06
-1.55568e-05  7.26879e-05            1 -2.47359e-05
           0            0            0            1
