    0.752  0.447765  0.483738 -0.370758
-0.345683  0.892747 -0.288973  0.169767
-0.561247  0.050088  0.826131 0.0960913
        0         0         0         1
 0.850295  0.430928  0.302158 -0.220898
-0.390565  0.901471  -0.18657 0.0534816
-0.352785 0.0406269  0.934822 0.0419144
        0         0         0         1
           1  6.65002e-05 -5.87702e-05 -1.46553e-05
-6.68205e-05            1  8.50111e-05  -1.5527e-05
 5.86808e-05 -8.49515e-05            1  5.46575e-05
           0            0            0            1
