 0.752299  0.447337  0.483669 -0.370669
-0.345441  0.892965 -0.288589  0.169573
-0.560996 0.0500259  0.826305 0.0960516
        0         0         0         1
  0.85043  0.430628  0.302207 -0.220831
-0.390229  0.901608 -0.186612 0.0533773
-0.352832   0.04077  0.934798  0.041876
        0         0         0         1
           1 -0.000269938  2.79248e-05  9.62913e-05
 0.000269827            1  2.26498e-05  8.25524e-06
-2.79546e-05 -2.25753e-05            1   8.9407e-07
           0            0            0            1
