 0.752332  0.447297  0.483656 -0.370673
-0.345372  0.892981 -0.288621  0.169579
-0.560995 0.0500975  0.826302 0.0960251
        0         0         0         1
  0.85056  0.430348   0.30224 -0.220728
-0.390012  0.901747 -0.186397 0.0533379
-0.352759 0.0406644   0.93483 0.0419117
        0         0         0         1
           1 -0.000295702 -4.02331e-06  7.11977e-05
 0.000295639            1  3.49432e-05 -1.17421e-05
 4.08292e-06 -3.49432e-05            1   5.1856e-06
           0            0            0            1
