 0.752198   0.44763  0.483556 -0.370757
-0.345704   0.89282 -0.288726  0.169673
 -0.56097 0.0500118  0.826324 0.0960583
        0         0         0         1
 0.850423  0.430718  0.302098 -0.220894
-0.390333  0.901565 -0.186603 0.0533912
-0.352734 0.0407723  0.934835 0.0419035
        0         0         0         1
           1 -1.02445e-05 -2.68221e-07 -1.75387e-05
 1.02296e-05            1  0.000120118 -2.19345e-05
 2.98023e-07 -0.000120118            1  2.67029e-05
           0            0            0            1
