 0.752256  0.447444  0.483637 -0.370716
-0.345332  0.892894 -0.288941  0.169612
-0.561121 0.0503421  0.826201  0.095993
        0         0         0         1
 0.850368  0.430761   0.30219 -0.220876
-0.390368  0.901546 -0.186619 0.0534149
-0.352826 0.0407301  0.934802 0.0419339
        0         0         0         1
           1 -0.000118781  6.83367e-05  5.15357e-05
 0.000119112            1  -7.5832e-05 -4.02331e-06
-6.82473e-05  7.57575e-05            1  -1.2815e-05
           0            0            0            1
