 0.752287  0.447568  0.483474 -0.370763
-0.345719  0.892853 -0.288604  0.169661
-0.560841 0.0499672  0.826414 0.0960236
        0         0         0         1
 0.850376  0.430752  0.302182 -0.220875
-0.390439   0.90156 -0.186405 0.0534215
 -0.35273 0.0405307  0.934847 0.0419636
        0         0         0         1
           1 -0.000125326 -5.51939e-05  6.71968e-05
  0.00012549            1  0.000399187  4.97699e-06
 5.51343e-05 -0.000399172            1  0.000136971
           0            0            0            1
