 0.752314   0.44753  0.483468  -0.37074
-0.345604  0.892864 -0.288707  0.169682
-0.560875 0.0501096  0.826382 0.0960094
        0         0         0         1
 0.850419  0.430765  0.302041 -0.220877
-0.390365   0.90154 -0.186657 0.0534449
-0.352708 0.0408306  0.934842 0.0418496
        0         0         0         1
           1 -1.76914e-05 -2.61962e-05 -2.77832e-05
 1.74381e-05            1  -0.00011228  1.93417e-05
 2.61664e-05  0.000112325            1 -3.77893e-05
           0            0            0            1
