 0.752272  0.447554   0.48351 -0.370728
 -0.34561  0.892852 -0.288736  0.169642
-0.560928 0.0501021  0.826347 0.0960301
        0         0         0         1
 0.850453  0.430621  0.302151 -0.220833
-0.390343  0.901624 -0.186298 0.0533809
-0.352651 0.0404952  0.934878 0.0420219
        0         0         0         1
           1  4.52064e-05  2.02656e-06 -3.40492e-05
-4.53554e-05            1  0.000108004 -3.09646e-05
-2.02656e-06 -0.000108019            1  6.75321e-05
           0            0            0            1
