   0.7523  0.447519  0.483499  -0.37071
-0.345627  0.892873  -0.28865   0.16966
 -0.56088 0.0500411  0.826383 0.0960627
        0         0         0         1
 0.850423   0.43074  0.302065 -0.220879
-0.390386  0.901558 -0.186528 0.0534191
-0.352674 0.0407052   0.93486 0.0419222
        0         0         0         1
           1  6.85453e-05  2.47955e-05 -4.26918e-05
-6.85677e-05            1  0.000269711 -1.94311e-05
-2.47657e-05 -0.000269681            1  9.92417e-05
           0            0            0            1
