 0.752273  0.447425  0.483628 -0.370731
-0.345446  0.892914 -0.288739  0.169588
-0.561028 0.0501432  0.826277 0.0960161
        0         0         0         1
 0.850482  0.430677  0.301991 -0.220868
-0.390282   0.90158 -0.186635 0.0534188
-0.352648 0.0408677  0.934863 0.0418125
        0         0         0         1
           1  6.03124e-05    6.634e-05 -1.74716e-05
-6.03236e-05            1 -0.000191331  1.04606e-05
  -6.634e-05  0.000191331            1 -7.33137e-05
           0            0            0            1
