 0.752333  0.447383  0.483573 -0.370661
-0.345546  0.892945 -0.288526  0.169641
-0.560886 0.0499713  0.826384  0.096045
        0         0         0         1
 0.850421  0.430698  0.302133 -0.220814
-0.390357  0.901581 -0.186477 0.0534207
-0.352712 0.0406442  0.934849 0.0419024
        0         0         0         1
           1  3.64855e-05  1.72555e-05  6.31809e-06
-3.64967e-05            1  0.000115752  1.81794e-06
-1.72257e-05 -0.000115722            1  5.44786e-05
           0            0            0            1
