 0.752263  0.447475  0.483597 -0.370734
-0.345543  0.892894 -0.288688  0.169621
-0.560981 0.0500656  0.826313 0.0960243
        0         0         0         1
 0.850453  0.430574   0.30222 -0.220844
-0.390253  0.901643 -0.186394 0.0533771
-0.352751 0.0405772  0.934837 0.0419578
        0         0         0         1
           1 -6.30468e-05 -6.92606e-05 -2.00793e-05
 6.31362e-05            1 -0.000148535 -4.76837e-07
 6.92606e-05  0.000148505            1 -3.48687e-05
           0            0            0            1
