 0.752331  0.447337  0.483619 -0.370662
-0.345344  0.892955 -0.288737  0.169613
-0.561013  0.050211  0.826283 0.0960038
        0         0         0         1
 0.850373  0.430844  0.302059 -0.220912
-0.390411    0.9015 -0.186753 0.0534423
-0.352767 0.0408824  0.934818 0.0418474
        0         0         0         1
           1  2.63155e-05  4.34518e-05 -2.10106e-06
-2.61143e-05            1 -0.000117317  5.48363e-06
-4.33326e-05  0.000117287            1 -2.40207e-05
           0            0            0            1
