 0.752351  0.447447  0.483486 -0.370663
-0.345399  0.892893 -0.288862  0.169609
-0.560951 0.0503302  0.826317 0.0959749
        0         0         0         1
  0.85041  0.430692   0.30217 -0.220823
-0.390222  0.901569 -0.186815 0.0534136
-0.352887 0.0409555  0.934769   0.04182
        0         0         0         1
           1 -9.42796e-05  6.99759e-05  5.89639e-05
 9.43691e-05            1  -0.00012739 -2.98023e-07
-7.00057e-05   0.00012742            1 -2.82526e-05
           0            0            0            1
