  0.972457  0.0141844   0.232651  -0.192064
-0.0101184   0.999775 -0.0186613  0.0424537
 -0.232863  0.0157933   0.972381 -0.0164707
         0          0          0          1
           1 -0.000523701 -8.06525e-07 -5.36647e-05
 0.000523772            1 -0.000152924  3.62396e-05
 8.88482e-07  0.000152925            1 -2.96831e-05
           0            0            0            1
 0.850361 -0.390579 -0.352611  0.223328
 0.430872  0.901503 0.0405208 0.0453557
 0.302054 -0.186388  0.934892 0.0374506
        0         0         0         1
