 0.752355  0.447389  0.483534 -0.370735
-0.345443  0.892932 -0.288691  0.169611
 -0.56092 0.0501642  0.826349 0.0959757
        0         0         0         1
 0.850492   0.43056  0.302128 -0.220851
 -0.39022  0.901645 -0.186453 0.0533736
-0.352691 0.0406799  0.934855 0.0419028
        0         0         0         1
           1 -0.000125799 -4.98593e-05  5.14165e-05
  0.00012568            1  7.23302e-05  7.39098e-06
 4.97997e-05 -7.23153e-05            1  2.77162e-05
           0            0            0            1
