 0.752258  0.447567  0.483521 -0.370703
-0.345541  0.892839 -0.288858  0.169632
 -0.56099 0.0502196  0.826298 0.0960019
        0         0         0         1
 0.850424   0.43077   0.30202 -0.220858
 -0.39033  0.901533 -0.186766 0.0534238
-0.352734 0.0409424  0.934827 0.0418256
        0         0         0         1
           1 -1.45249e-05 -6.81877e-05 -2.93553e-06
 1.41785e-05            1  -0.00029774   6.4075e-06
 6.82175e-05  0.000297844            1 -8.54135e-05
           0            0            0            1
