 0.752074  0.447747   0.48364 -0.370775
-0.345796  0.892764 -0.288786  0.169725
-0.561079 0.0499475  0.826254 0.0960874
        0         0         0         1
 0.850397  0.430815  0.302034 -0.220877
-0.390472  0.901523 -0.186513 0.0534317
-0.352643 0.0406742  0.934873 0.0419085
        0         0         0         1
           1  0.000196919 -5.87106e-05 -7.68453e-05
-0.000196911            1  0.000176132 -2.41995e-05
 5.87404e-05 -0.000176102            1  8.57711e-05
           0            0            0            1
