 0.752291  0.447578  0.483458 -0.370739
-0.345653  0.892841  -0.28872   0.16965
-0.560876 0.0500924  0.826383 0.0960032
        0         0         0         1
 0.850458  0.430609  0.302153 -0.220821
-0.390266  0.901622 -0.186468 0.0533958
-0.352723 0.0406634  0.934844  0.041901
        0         0         0         1
           1  0.000129126 -1.30832e-05 -3.21791e-05
-0.000129253            1 -1.23233e-05  5.06639e-06
 1.30534e-05  1.23829e-05            1 -1.90735e-06
           0            0            0            1
