 0.752189  0.447512  0.483678 -0.370726
-0.345492  0.892871  -0.28882  0.169628
-0.561113 0.0501403  0.826219 0.0960183
        0         0         0         1
 0.850557  0.430441  0.302115 -0.220759
-0.390099    0.9017  -0.18644 0.0533936
-0.352668 0.0407233  0.934862 0.0419157
        0         0         0         1
           1  8.02428e-06  0.000106722  -7.7486e-07
-7.97212e-06            1 -9.88245e-05 -1.87457e-05
-0.000106663  9.88245e-05            1 -3.54648e-05
           0            0            0            1
