 0.752211  0.447435  0.483716 -0.370679
-0.345376  0.892906 -0.288851  0.169632
-0.561155 0.0502127  0.826187 0.0959957
        0         0         0         1
 0.850473  0.430559  0.302185 -0.220792
-0.390125  0.901636 -0.186695 0.0534137
-0.352844 0.0408891  0.934789 0.0418403
        0         0         0         1
           1  -0.00011697  1.66595e-05  5.84126e-05
 0.000117108            1 -1.00732e-05  1.68085e-05
-1.65999e-05  9.99868e-06            1 -1.54972e-05
           0            0            0            1
