 0.752083    0.4477  0.483669 -0.370756
-0.345803  0.892792 -0.288691    0.1697
-0.561063  0.049865   0.82627 0.0961067
        0         0         0         1
 0.850439  0.430625  0.302185 -0.220811
-0.390241  0.901611 -0.186573 0.0533899
-0.352796 0.0407436  0.934813 0.0418855
        0         0         0         1
           1 -2.29403e-05  5.93662e-05  4.17233e-07
 2.30744e-05            1  2.30074e-05  1.42753e-05
-5.93662e-05 -2.30074e-05            1 -1.71065e-05
           0            0            0            1
