 0.752199   0.44762  0.483562  -0.37074
-0.345574  0.892814 -0.288899  0.169672
-0.561048 0.0502031   0.82626 0.0959945
        0         0         0         1
  0.85044  0.430714  0.302054 -0.220825
-0.390318  0.901565 -0.186637 0.0533972
-0.352709  0.040826  0.934842 0.0418319
        0         0         0         1
           1  4.64022e-05 -6.82175e-05 -4.48376e-05
-4.62979e-05            1 -5.07683e-05 -1.54078e-05
 6.82771e-05  5.07683e-05            1 -2.43187e-05
           0            0            0            1
