  0.75223  0.447502  0.483623 -0.370702
-0.345552   0.89288  -0.28872  0.169665
-0.561021 0.0500669  0.826286 0.0960101
        0         0         0         1
 0.850475   0.43057   0.30216 -0.220791
-0.390224   0.90164 -0.186469 0.0533867
-0.352727 0.0406777  0.934841 0.0419066
        0         0         0         1
           1  2.38679e-05  2.80142e-06 -1.08927e-05
-2.41473e-05            1  0.000121117  5.48363e-06
-2.89083e-06 -0.000121042            1  1.94311e-05
           0            0            0            1
