 0.752176  0.447479  0.483728 -0.370664
-0.345562  0.892898 -0.288653  0.169646
-0.561086 0.0499599  0.826248 0.0960598
        0         0         0         1
 0.850399  0.430743   0.30213 -0.220841
-0.390372  0.901556 -0.186567 0.0534475
-0.352749  0.040713  0.934832 0.0418808
        0         0         0         1
           1 -8.76412e-05  0.000102609  5.22584e-05
 8.75406e-05            1  0.000156969  1.31726e-05
-0.000102609 -0.000156954            1  2.90275e-05
           0            0            0            1
