 0.752167  0.447505  0.483718 -0.370679
-0.345542  0.892881 -0.288729   0.16963
-0.561111 0.0500278  0.826227 0.0960874
        0         0         0         1
 0.850522  0.430492   0.30214  -0.22076
-0.390169  0.901679 -0.186398 0.0533658
-0.352675 0.0406501  0.934862 0.0419583
        0         0         0         1
           1 -0.000160545  5.93364e-05  8.22619e-05
 0.000160452            1 -0.000112712  6.25849e-06
-5.92768e-05  0.000112772            1 -3.43919e-05
           0            0            0            1
