 0.752209  0.447572  0.483591 -0.370705
-0.345422  0.892828 -0.289035  0.169666
-0.561128 0.0503719  0.826195 0.0959684
        0         0         0         1
 0.850356  0.430865  0.302077 -0.220894
-0.390414  0.901488 -0.186803 0.0534219
-0.352806 0.0409142  0.934801 0.0418274
        0         0         0         1
           1   0.00011389  2.27988e-05  -3.7156e-05
-0.000114046            1  0.000179872   -3.016e-05
-2.28584e-05 -0.000179887            1  7.12872e-05
           0            0            0            1
