 0.752129  0.447624  0.483668 -0.370708
-0.345578  0.892815 -0.288889  0.169646
 -0.56114 0.0501363  0.826201 0.0960252
        0         0         0         1
 0.850475  0.430649   0.30205 -0.220841
-0.390217  0.901591 -0.186722 0.0533972
-0.352737 0.0409375  0.934827 0.0418382
        0         0         0         1
           1  4.99077e-05  7.88271e-05 -3.62024e-05
-4.95985e-05            1  2.37375e-05 -3.70145e-05
-7.87973e-05 -2.37972e-05            1  1.45435e-05
           0            0            0            1
