 0.752176  0.447563  0.483653 -0.370642
-0.345484  0.892841 -0.288921  0.169684
-0.561135  0.050225  0.826199 0.0959972
        0         0         0         1
   0.8505  0.430612  0.302032 -0.220799
-0.390206   0.90161 -0.186651 0.0533968
-0.352689 0.0408926  0.934847 0.0418055
        0         0         0         1
           1  0.000143562  0.000144958 -4.38839e-05
-0.000143498            1 -0.000122979 -4.47035e-07
-0.000144988  0.000122979            1 -6.46114e-05
           0            0            0            1
