 0.752252  0.447427  0.483659 -0.370663
-0.345442  0.892914 -0.288746  0.169628
-0.561059  0.050134  0.826256 0.0960097
        0         0         0         1
 0.850601  0.430473  0.301947 -0.220768
-0.390046  0.901671 -0.186693 0.0534155
-0.352623 0.0410278  0.934866 0.0418098
        0         0         0         1
           1 -5.59501e-05 -6.28829e-06  6.33299e-07
 5.60209e-05            1 -9.50098e-05   2.3663e-05
  6.3777e-06  9.49353e-05            1 -1.72853e-05
           0            0            0            1
