 0.752221  0.447465  0.483671 -0.370661
-0.345514    0.8929 -0.288704   0.16964
-0.561055 0.0500542  0.826264 0.0960436
        0         0         0         1
 0.850504  0.430712  0.301877 -0.220841
-0.390269  0.901555 -0.186782 0.0534177
-0.352608 0.0410457  0.934871 0.0417841
        0         0         0         1
           1 -5.45047e-05 -0.000160247  5.70714e-06
 5.43669e-05            1  4.57615e-05 -2.74479e-05
 0.000160217 -4.57764e-05            1  7.00951e-05
           0            0            0            1
