  0.75234  0.447487  0.483467 -0.370672
-0.345561  0.892884 -0.288697  0.169606
-0.560868 0.0501307  0.826386  0.096001
        0         0         0         1
 0.850559  0.430509  0.302013 -0.220797
-0.390109  0.901658  -0.18662 0.0533541
-0.352654 0.0409135  0.934858 0.0418447
        0         0         0         1
           1 -5.87143e-05 -9.95398e-05  4.14252e-05
 5.85467e-05            1  7.32541e-05 -6.31809e-06
   9.951e-05 -7.31796e-05            1  4.59552e-05
           0            0            0            1
