  0.75216  0.447612  0.483631 -0.370703
-0.345645  0.892827 -0.288773  0.169677
-0.561057 0.0500391  0.826264 0.0960366
        0         0         0         1
 0.850518  0.430631  0.301953 -0.220859
-0.390269  0.901605 -0.186547 0.0534288
-0.352575 0.0408187  0.934893 0.0418726
        0         0         0         1
           1 -3.40268e-05  9.53078e-05 -8.19564e-08
 3.42131e-05            1  0.000181407  3.57628e-07
-9.53078e-05 -0.000181511            1  5.02467e-05
           0            0            0            1
