 0.752109  0.447641  0.483683 -0.370727
-0.345728   0.89282 -0.288697  0.169698
-0.561074 0.0499089   0.82626 0.0960593
        0         0         0         1
 0.850539   0.43055   0.30201 -0.220802
 -0.39013  0.901637 -0.186678  0.053404
-0.352678  0.040954  0.934848 0.0417814
        0         0         0         1
           1  0.000238474  6.55651e-05 -5.55217e-05
  -0.0002384            1 -7.21961e-05  7.36117e-06
-6.55353e-05  7.21663e-05            1  -3.5584e-05
           0            0            0            1
