   0.7523  0.447523  0.483496 -0.370699
-0.345484  0.892858 -0.288868  0.169643
-0.560968 0.0502757  0.826309  0.095939
        0         0         0         1
 0.850583  0.430551  0.301887 -0.220798
-0.390131  0.901634 -0.186695 0.0533968
-0.352573 0.0410242  0.934885 0.0418042
        0         0         0         1
           1 -0.000184011 -6.89924e-05  7.78362e-05
 0.000183973            1 -1.86861e-05  2.65241e-05
 6.89924e-05  1.86712e-05            1 -5.24521e-06
           0            0            0            1
