 0.752305  0.447329  0.483667 -0.370684
-0.345402  0.892966 -0.288632  0.169565
-0.561012   0.05008  0.826291 0.0959935
        0         0         0         1
 0.850584  0.430551  0.301882 -0.220805
-0.390164  0.901637 -0.186609 0.0533632
-0.352533 0.0409435  0.934904 0.0417697
        0         0         0         1
           1 -0.000217266 -0.000131816  1.87978e-05
 0.000217345            1  5.16325e-05 -1.54078e-05
 0.000131786  -5.1707e-05            1  2.49147e-05
           0            0            0            1
