 0.752112   0.44767  0.483652 -0.370694
-0.345746  0.892804 -0.288724  0.169686
-0.561059 0.0499314  0.826268 0.0960625
        0         0         0         1
 0.850556  0.430501  0.302031 -0.220768
-0.390183  0.901672 -0.186398  0.053409
-0.352577 0.0406945  0.934897 0.0419105
        0         0         0         1
           1 -0.000107594   4.1455e-05   7.4476e-05
 0.000107456            1  0.000111297  1.38581e-05
-4.15146e-05 -0.000111222            1  5.37634e-05
           0            0            0            1
