 0.752222   0.44749  0.483648 -0.370712
-0.345541  0.892887  -0.28871  0.169609
-0.561038 0.0500542  0.826275  0.096017
        0         0         0         1
 0.850577  0.430567  0.301881 -0.220885
-0.390144  0.901626 -0.186705 0.0533822
-0.352572 0.0410293  0.934885 0.0418049
        0         0         0         1
           1 -9.47975e-05 -0.000110686 -3.43397e-05
 9.47416e-05            1 -8.43257e-05  -2.3663e-05
 0.000110716  8.43406e-05            1 -3.58224e-05
           0            0            0            1
