 0.752335   0.44737  0.483582 -0.370694
-0.345554  0.892954  -0.28849  0.169578
-0.560878  0.049937  0.826391 0.0960482
        0         0         0         1
 0.850628  0.430422  0.301942 -0.220814
-0.390049    0.9017 -0.186542 0.0533507
-0.352553 0.0409052  0.934898 0.0418514
        0         0         0         1
           1 -6.44438e-05 -9.71556e-06  2.20835e-05
 6.44699e-05            1  0.000144944 -1.01328e-05
 9.68575e-06 -0.000144944            1  5.56111e-05
           0            0            0            1
