 0.752172  0.447814  0.483426 -0.370771
 -0.34586  0.892725 -0.288831  0.169741
-0.560909  0.050053  0.826363 0.0960255
        0         0         0         1
 0.850414  0.430724  0.302115 -0.220859
-0.390318   0.90156 -0.186658  0.053417
-0.352773 0.0408154  0.934819  0.041852
        0         0         0         1
           1  0.000196949  0.000141114 -7.81417e-05
-0.000197001            1   7.8097e-05 -1.63913e-06
-0.000141114 -7.81119e-05            1  1.64509e-05
           0            0            0            1
