 0.752206  0.447605  0.483565 -0.370757
-0.345557   0.89282 -0.288898  0.169642
-0.561049 0.0502114  0.826258 0.0959982
        0         0         0         1
  0.85058  0.430561  0.301878 -0.220861
-0.390054  0.901618 -0.186927 0.0533782
-0.352662 0.0412475  0.934841 0.0417202
        0         0         0         1
           1 -0.000108846 -3.38256e-05   2.5183e-06
 0.000108723            1 -0.000204682  4.41074e-06
 3.38256e-05  0.000204697            1 -9.05991e-05
           0            0            0            1
