 0.752254  0.447567  0.483526 -0.370693
-0.345578  0.892842 -0.288805  0.169652
-0.560972  0.050159  0.826313 0.0959963
        0         0         0         1
 0.850527  0.430561  0.302029 -0.220771
-0.390161  0.901635 -0.186625 0.0534169
-0.352674 0.0408893  0.934852 0.0418389
        0         0         0         1
           1 -7.88681e-05  -1.3113e-05  4.62234e-05
 7.85738e-05            1  6.57737e-05  1.94013e-05
 1.30236e-05 -6.56992e-05            1  8.04663e-06
           0            0            0            1
