 0.752137  0.447756  0.483533 -0.370759
-0.345694  0.892746 -0.288964  0.169675
-0.561057 0.0501861  0.826254 0.0960136
        0         0         0         1
 0.850334  0.430914  0.302067 -0.220913
-0.390445  0.901463 -0.186861 0.0534437
-0.352823 0.0409538  0.934793 0.0418045
        0         0         0         1
           1  0.000102397   5.6386e-05 -2.94298e-05
 -0.00010255            1 -2.98023e-07  4.20213e-06
-5.64158e-05  2.98023e-07            1  4.52995e-06
           0            0            0            1
