 0.752143  0.447661  0.483613 -0.370737
-0.345698  0.892803 -0.288784  0.169704
-0.561048 0.0500226  0.826271 0.0960761
        0         0         0         1
 0.850373   0.43075  0.302192  -0.22086
-0.390375  0.901554 -0.186568  0.053445
-0.352806  0.040684  0.934812  0.041913
        0         0         0         1
           1 -7.09295e-06  2.15471e-05 -1.49831e-05
 7.15256e-06            1  0.000198632  2.38419e-06
-2.15471e-05 -0.000198677            1  5.39422e-05
           0            0            0            1
