 0.752166  0.447617  0.483617 -0.370731
-0.345481  0.892809 -0.289025  0.169652
 -0.56115  0.050314  0.826184 0.0959578
        0         0         0         1
 0.850447   0.43068  0.302083 -0.220856
-0.390238  0.901576 -0.186751 0.0533754
 -0.35278 0.0409381   0.93481 0.0418081
        0         0         0         1
           1  0.000135615  2.41697e-05 -2.49296e-05
-0.000135615            1 -0.000159025 -1.37091e-06
-2.42293e-05  0.000159055            1  -2.3663e-05
           0            0            0            1
