 0.752091  0.447603  0.483747  -0.37066
-0.345614  0.892833 -0.288791  0.169672
-0.561169 0.0500076  0.826189 0.0960713
        0         0         0         1
 0.850408  0.430714  0.302145 -0.220814
-0.390251  0.901559 -0.186804 0.0534262
-0.352861 0.0409473  0.934779 0.0417863
        0         0         0         1
           1  0.000178918  0.000197679  1.61678e-06
-0.000179008            1 -5.00679e-05  4.61936e-06
-0.000197709   5.0053e-05            1 -3.12328e-05
           0            0            0            1
