 0.752184  0.447421  0.483771 -0.370689
-0.345529   0.89293 -0.288595  0.169633
-0.561096 0.0499193  0.826244 0.0960606
        0         0         0         1
 0.850395  0.430716  0.302178 -0.220896
-0.390363  0.901572 -0.186509 0.0534174
-0.352768 0.0406474  0.934828 0.0419009
        0         0         0         1
           1  0.000183359  0.000199825 -0.000124149
-0.000183325            1  9.70513e-05 -7.45058e-06
-0.000199735  -9.7096e-05            1  -2.7597e-05
           0            0            0            1
