  0.75239  0.447285  0.483576  -0.37069
-0.345286  0.892977 -0.288737  0.169558
 -0.56097 0.0502711  0.826308 0.0959938
        0         0         0         1
 0.850615  0.430419  0.301983 -0.220796
-0.390002  0.901698 -0.186654 0.0533314
-0.352636 0.0409966  0.934862  0.041801
        0         0         0         1
           1 -0.000107884 -5.12302e-05  5.44265e-05
 0.000107765            1 -0.000152916  1.55568e-05
 5.12302e-05  0.000153035            1 -3.65973e-05
           0            0            0            1
