 0.752297  0.447389  0.483624 -0.370681
-0.345454  0.892936 -0.288665  0.169579
 -0.56099 0.0500927  0.826305  0.096099
        0         0         0         1
 0.850532  0.430602  0.301956 -0.220816
-0.390227  0.901617 -0.186575  0.053363
-0.352588 0.0408571  0.934886 0.0418895
        0         0         0         1
           1 -0.000166673 -1.07586e-05  6.52298e-05
 0.000166707            1    3.317e-05 -2.52128e-05
 1.07586e-05   -3.317e-05            1  4.98891e-05
           0            0            0            1
