  0.75224  0.447423  0.483681 -0.370652
-0.345451  0.892918 -0.288724  0.169605
-0.561069 0.0501013  0.826251 0.0960709
        0         0         0         1
 0.850475  0.430665  0.302025 -0.220794
 -0.39023  0.901582 -0.186738 0.0533966
-0.352722 0.0409565  0.934831 0.0418481
        0         0         0         1
           1  1.21705e-05  6.02305e-05  1.58399e-05
-1.20737e-05            1 -0.000160307 -2.80142e-06
-6.01709e-05  0.000160232            1 -5.05447e-05
           0            0            0            1
