   0.7523  0.447417  0.483594 -0.370657
-0.345369  0.892911 -0.288842   0.16957
-0.561039 0.0502777  0.826261 0.0960131
        0         0         0         1
 0.850488  0.430608  0.302069 -0.220815
 -0.39015  0.901607 -0.186783  0.053381
-0.352778 0.0410043  0.934808 0.0418145
        0         0         0         1
           1  8.52793e-05  2.43783e-05 -2.78652e-06
-8.54321e-05            1  3.32296e-06 -4.68791e-05
-2.44081e-05 -3.29316e-06            1   4.8995e-05
           0            0            0            1
