 0.752155   0.44752  0.483724 -0.370652
 -0.34554  0.892873 -0.288758  0.169603
-0.561129 0.0500444  0.826214 0.0960981
        0         0         0         1
  0.85045  0.430599   0.30219 -0.220786
-0.390169  0.901618 -0.186692 0.0533791
 -0.35285 0.0408675  0.934787  0.041847
        0         0         0         1
           1  4.22634e-05  3.53158e-05  5.54845e-05
-4.23267e-05            1 -0.000149071 -5.96046e-06
-3.53456e-05  0.000149086            1 -2.89679e-05
           0            0            0            1
