 0.752191  0.447505  0.483681 -0.370724
-0.345484  0.892874 -0.288818  0.169635
-0.561114 0.0501421  0.826218 0.0960222
        0         0         0         1
 0.850453  0.430645  0.302118 -0.220873
-0.390175   0.90159 -0.186815 0.0534316
-0.352837  0.040998  0.934786 0.0417613
        0         0         0         1
           1  8.17701e-05 -5.72801e-05 -4.36306e-05
-8.18484e-05            1 -0.000141099  3.10242e-05
 5.73099e-05  0.000141054            1 -4.86374e-05
           0            0            0            1
