 0.752287  0.447448  0.483585 -0.370713
 -0.34541  0.892897 -0.288838  0.169649
-0.561032 0.0502543  0.826267 0.0959481
        0         0         0         1
 0.850556   0.43051  0.302019 -0.220816
-0.390165  0.901664 -0.186474 0.0534152
-0.352599 0.0407691  0.934886 0.0418883
        0         0         0         1
           1 -2.90349e-05 -0.000111997 -2.65837e-05
 2.88263e-05            1 -0.000111118  4.50909e-05
 0.000111908  0.000111192            1 -3.73721e-05
           0            0            0            1
