 0.752182  0.447549  0.483656  -0.37067
-0.345532  0.892853 -0.288827  0.169648
-0.561098 0.0501321   0.82623 0.0960125
        0         0         0         1
 0.850517  0.430618  0.301974 -0.220812
-0.390215  0.901607  -0.18665 0.0533807
-0.352637 0.0409146  0.934865 0.0418297
        0         0         0         1
           1 -5.13494e-05  6.19888e-05  4.13433e-05
 5.13941e-05            1  0.000174209  1.06692e-05
-6.19888e-05 -0.000174195            1  3.60012e-05
           0            0            0            1
