  0.75221  0.447466  0.483689  -0.37067
-0.345419  0.892891 -0.288845  0.169612
 -0.56113 0.0501967  0.826205 0.0960647
        0         0         0         1
 0.850445  0.430697  0.302066 -0.220852
-0.390303  0.901573 -0.186627 0.0533997
-0.352714 0.0408186  0.934841 0.0418876
        0         0         0         1
           1  4.56013e-05   0.00010246  1.16751e-05
-4.53219e-05            1  -1.5974e-05 -6.00219e-05
-0.000102341  1.58846e-05            1  2.68817e-05
           0            0            0            1
