 0.752312  0.447316  0.483669 -0.370658
-0.345407  0.892974 -0.288602  0.169557
   -0.561  0.050056  0.826301 0.0960347
        0         0         0         1
 0.850565  0.430386  0.302172 -0.220757
-0.390058  0.901729 -0.186389 0.0533342
-0.352696 0.0406711  0.934854 0.0419075
        0         0         0         1
           1 -6.93239e-05  8.46088e-05   4.7192e-05
 6.94804e-05            1  0.000197947  3.15905e-06
-8.45492e-05 -0.000197962            1  3.25441e-05
           0            0            0            1
