 0.752078  0.447722  0.483657 -0.370752
-0.345731  0.892773 -0.288836   0.16971
-0.561115 0.0500118  0.826226 0.0960682
        0         0         0         1
 0.850475  0.430634   0.30207 -0.220832
-0.390275  0.901607 -0.186522 0.0534205
-0.352671 0.0407421   0.93486 0.0419315
        0         0         0         1
           1 -3.22163e-05  7.51019e-05  2.75373e-05
 3.24398e-05            1  9.83328e-05 -2.33054e-05
-7.50721e-05 -9.84669e-05            1  5.58496e-05
           0            0            0            1
