 0.752301   0.44755   0.48347 -0.370735
 -0.34559  0.892851 -0.288764  0.169638
-0.560903 0.0501551  0.826361 0.0959791
        0         0         0         1
 0.850453  0.430733  0.301992 -0.220906
-0.390346  0.901555 -0.186623 0.0533951
-0.352647 0.0408333  0.934865  0.041883
        0         0         0         1
           1 -3.91565e-05 -4.05312e-05 -9.23872e-07
 3.90299e-05            1 -5.70714e-05  -1.0401e-05
 4.04716e-05  5.71162e-05            1 -2.55108e-05
           0            0            0            1
