 0.752347   0.44733  0.483601 -0.370655
 -0.34538  0.892961 -0.288673  0.169643
-0.560969 0.0501563  0.826316 0.0960056
        0         0         0         1
 0.850482  0.430663  0.302009 -0.220869
-0.390288  0.901589  -0.18658 0.0534413
-0.352641 0.0408123  0.934868 0.0418809
        0         0         0         1
           1 -4.58024e-05 -1.35303e-05  2.54959e-05
 4.57726e-05            1 -5.48363e-05  3.49283e-05
 1.35303e-05  5.48363e-05            1 -4.82798e-06
           0            0            0            1
