  0.75219  0.447576  0.483617 -0.370716
-0.345672  0.892849 -0.288673  0.169643
   -0.561  0.049964  0.826306 0.0960601
        0         0         0         1
 0.850543  0.430489  0.302085 -0.220787
-0.390161  0.901678 -0.186418 0.0533525
-0.352634 0.0406949  0.934876 0.0419216
        0         0         0         1
           1   6.1769e-05  6.15418e-05  6.22869e-06
-6.19553e-05            1  0.000300676  2.98023e-08
-6.15716e-05 -0.000300616            1  0.000107586
           0            0            0            1
