 0.752327  0.447401  0.483567 -0.370684
-0.345453  0.892927 -0.288693  0.169569
-0.560951 0.0501419  0.826329 0.0959871
        0         0         0         1
 0.850548  0.430456  0.302118   -0.2208
-0.390028  0.901683 -0.186672 0.0533654
-0.352768 0.0409397  0.934815 0.0417796
        0         0         0         1
           1 -0.000174824 -6.00219e-05  2.58833e-05
 0.000174936            1  2.63453e-05  1.74344e-05
 6.00815e-05 -2.63304e-05            1 -3.76701e-05
           0            0            0            1
