 0.752211  0.447603   0.48356 -0.370716
-0.345588  0.892824 -0.288848  0.169698
-0.561023  0.050162  0.826279 0.0960294
        0         0         0         1
 0.850396  0.430757  0.302117 -0.220899
-0.390285  0.901537 -0.186836   0.05345
-0.352851 0.0409727  0.934782  0.041821
        0         0         0         1
           1   0.00027756  0.000181317 -0.000100173
-0.000277415            1 -0.000182703  1.67191e-05
-0.000181317  0.000182599            1 -7.82013e-05
           0            0            0            1
