 0.752206  0.447427  0.483731 -0.370731
-0.345411  0.892914 -0.288783   0.16958
-0.561139 0.0501386  0.826201 0.0960524
        0         0         0         1
 0.850589  0.430488  0.301959 -0.220816
-0.390048  0.901663 -0.186727 0.0533308
-0.352649 0.0410491  0.934855 0.0418097
        0         0         0         1
           1 -0.000155892 -0.000143796 -6.28084e-06
 0.000155661            1 -0.000138834  9.59635e-06
 0.000143796  0.000138849            1 -3.92199e-05
           0            0            0            1
