 0.752206  0.447599  0.483572 -0.370737
 -0.34561  0.892829 -0.288809  0.169681
-0.561017  0.050117  0.826285 0.0960279
        0         0         0         1
 0.850457  0.430762  0.301937 -0.220914
-0.390314  0.901533 -0.186796 0.0534512
-0.352671  0.041012  0.934848 0.0417893
        0         0         0         1
           1 -3.75845e-05 -0.000147849  1.41636e-05
 3.76515e-05            1  6.36876e-05 -3.99351e-06
 0.000147879 -6.37174e-05            1   2.7895e-05
           0            0            0            1
