 0.752347   0.44733  0.483601 -0.370683
-0.345465  0.892969 -0.288548  0.169598
-0.560917 0.0500207  0.826359 0.0960513
        0         0         0         1
 0.850544  0.430502  0.302065 -0.220786
-0.390176  0.901672 -0.186415 0.0533768
-0.352616 0.0406956  0.934883 0.0419039
        0         0         0         1
           1 -6.52336e-05 -0.000102013 -9.68575e-06
 6.52894e-05            1  0.000138879 -3.12924e-06
 0.000102013 -0.000138924            1  3.88026e-05
           0            0            0            1
