  0.75231  0.447512  0.483491 -0.370686
-0.345591  0.892874 -0.288693  0.169646
 -0.56089 0.0500963  0.826373 0.0960011
        0         0         0         1
 0.850597  0.430528  0.301879 -0.220763
-0.390166  0.901651 -0.186538 0.0533693
-0.352499 0.0408855  0.934918 0.0418496
        0         0         0         1
           1  0.000107851  2.84314e-05  3.10168e-05
-0.000107754            1 -0.000140488  -5.0962e-06
-2.85208e-05  0.000140473            1 -4.02927e-05
           0            0            0            1
