 0.752236  0.447584  0.483538 -0.370734
-0.345613  0.892836 -0.288782  0.169669
-0.560975 0.0501153  0.826314 0.0960193
        0         0         0         1
 0.850577  0.430539  0.301919 -0.220824
-0.390243  0.901654  -0.18636 0.0534177
-0.352462 0.0406919  0.934941 0.0419229
        0         0         0         1
           1 -8.39271e-05   -7.689e-05  1.88649e-05
 8.38712e-05            1  0.000122085  9.86457e-06
 7.68602e-05 -0.000122085            1  5.02467e-05
           0            0            0            1
