 0.752183  0.447689  0.483524 -0.370723
-0.345734  0.892787 -0.288789  0.169661
-0.560972 0.0500512   0.82632 0.0960079
        0         0         0         1
 0.850517  0.430655  0.301922 -0.220823
-0.390255  0.901588 -0.186654 0.0533951
-0.352593  0.040926  0.934881 0.0418343
        0         0         0         1
           1 -3.66941e-05  1.37985e-05  3.56063e-05
 3.66531e-05            1  3.82066e-05 -4.91738e-06
-1.38283e-05 -3.81619e-05            1  6.49691e-06
           0            0            0            1
