 0.752228  0.447545  0.483586 -0.370722
-0.345543  0.892854 -0.288811  0.169704
-0.561028 0.0501522  0.826276 0.0959945
        0         0         0         1
 0.850526  0.430631  0.301932 -0.220826
-0.390279  0.901605 -0.186523 0.0534199
-0.352546 0.0408048  0.934904 0.0418688
        0         0         0         1
           1  0.000169266  0.000167996 -7.44089e-05
-0.000169296            1 -7.48634e-05  1.30236e-05
-0.000168055  7.48336e-05            1 -6.74725e-05
           0            0            0            1
