 0.752352  0.447523  0.483415  -0.37079
-0.345539   0.89286 -0.288796  0.169618
-0.560865 0.0502371  0.826382  0.095955
        0         0         0         1
 0.850504  0.430547  0.302112 -0.220878
-0.390244  0.901655 -0.186354 0.0534056
-0.352635 0.0405976   0.93488 0.0419475
        0         0         0         1
           1 -8.12039e-05 -9.86457e-06 -6.01262e-06
 8.11592e-05            1 -0.000113428 -2.23517e-05
 9.86457e-06  0.000113428            1 -3.20077e-05
           0            0            0            1
