  0.75215  0.447579  0.483676 -0.370687
-0.345648  0.892847 -0.288707  0.169678
-0.561068 0.0499698   0.82626 0.0960876
        0         0         0         1
 0.850459  0.430678  0.302054 -0.220803
-0.390387  0.901594 -0.186351 0.0534187
-0.352587 0.0405663  0.934899 0.0419501
        0         0         0         1
           1 -0.000108778   7.6592e-05   8.7522e-05
 0.000108767            1   7.5683e-05 -1.62721e-05
-7.65324e-05  -7.5683e-05            1  4.87566e-05
           0            0            0            1
