 0.752096  0.447859  0.483502 -0.370807
-0.345842    0.8927 -0.288928  0.169776
-0.561021  0.050086  0.826285 0.0960001
        0         0         0         1
 0.850464  0.430758  0.301925 -0.220931
-0.390392  0.901544  -0.18658 0.0534752
 -0.35257 0.0408101  0.934895 0.0418797
        0         0         0         1
           1   0.00013338  2.02656e-05 -2.28733e-05
-0.000133336            1 -2.27094e-05  2.08616e-07
-2.02358e-05  2.26945e-05            1 -2.63453e-05
           0            0            0            1
