 0.752312    0.4475  0.483498 -0.370743
-0.345651  0.892886 -0.288583  0.169624
 -0.56085 0.0499823  0.826408   0.09602
        0         0         0         1
 0.850552  0.430515  0.302023 -0.220822
-0.390131  0.901658 -0.186575 0.0534026
-0.352645 0.0408632  0.934865 0.0418376
        0         0         0         1
           1 -9.88953e-05  8.04663e-06 -7.19726e-06
 9.90368e-05            1  7.29561e-05  2.39909e-05
-7.95722e-06 -7.29412e-05            1  6.97374e-06
           0            0            0            1
