 0.752303  0.447538  0.483476  -0.37072
-0.345673  0.892865 -0.288621  0.169652
-0.560847 0.0500061  0.826407 0.0960121
        0         0         0         1
 0.850535  0.430573  0.301989 -0.220785
-0.390302  0.901643 -0.186289 0.0534173
-0.352498 0.0405786  0.934932 0.0419344
        0         0         0         1
           1   1.9744e-05   2.3216e-05  1.97887e-05
-1.99489e-05            1  0.000124857 -5.99027e-06
-2.32458e-05 -0.000124782            1  7.95722e-05
           0            0            0            1
