 0.752376  0.447482  0.483415 -0.370717
-0.345674  0.892896 -0.288525  0.169653
-0.560749 0.0499752  0.826477 0.0959955
        0         0         0         1
 0.850555  0.430528  0.301999 -0.220816
 -0.39021  0.901659 -0.186407 0.0534259
-0.352553 0.0407063  0.934906 0.0419098
        0         0         0         1
           1 -0.000117164 -5.01871e-05   1.4931e-05
 0.000117395            1  0.000248581 -1.16825e-05
 5.02467e-05 -0.000248641            1  0.000117958
           0            0            0            1
