 0.752291  0.447606  0.483432 -0.370711
 -0.34575  0.892833 -0.288629  0.169647
-0.560816 0.0499859   0.82643 0.0960239
        0         0         0         1
  0.85043  0.430716  0.302081 -0.220858
 -0.39036  0.901569 -0.186528 0.0534276
-0.352687 0.0407088  0.934855 0.0418986
        0         0         0         1
           1 -3.54312e-05  3.94583e-05  3.42056e-05
  3.5245e-05            1  3.05474e-06 -2.80738e-05
-3.94881e-05 -2.98023e-06            1 -4.64916e-06
           0            0            0            1
