 0.752267  0.447716  0.483368 -0.370761
-0.345765   0.89277 -0.288807  0.169687
 -0.56084 0.0501286  0.826406 0.0959407
        0         0         0         1
 0.850483  0.430642  0.302039 -0.220845
-0.390387  0.901614 -0.186252 0.0534229
 -0.35253 0.0404915  0.934924 0.0419744
        0         0         0         1
           1  0.000186432 -6.04987e-06 -6.14971e-05
-0.000186373            1 -0.000141725 -8.64267e-06
 6.02007e-06  0.000141755            1 -6.55055e-05
           0            0            0            1
