 0.752233  0.447624  0.483507 -0.370766
-0.345772  0.892827  -0.28862  0.169648
-0.560881 0.0499262   0.82639 0.0960347
        0         0         0         1
 0.850471   0.43064  0.302075 -0.220883
-0.390317  0.901608 -0.186426 0.0533794
-0.352636 0.0406447  0.934878  0.041921
        0         0         0         1
           1 -3.59751e-05   9.0003e-06 -7.09072e-05
 3.59006e-05            1  3.09795e-05 -1.87457e-05
-8.91089e-06 -3.10093e-05            1 -1.19805e-05
           0            0            0            1
