 0.752265  0.447524  0.483548 -0.370694
-0.345601   0.89287 -0.288692  0.169677
-0.560942 0.0500582   0.82634 0.0960011
        0         0         0         1
 0.850461  0.430682  0.302043 -0.220842
-0.390275  0.901578 -0.186662 0.0534656
-0.352707 0.0408688  0.934841 0.0418532
        0         0         0         1
           1  5.32568e-05  4.76539e-05 -1.35377e-05
-5.32046e-05            1 -0.000163704  3.73125e-05
-4.77433e-05  0.000163719            1 -7.45654e-05
           0            0            0            1
