  0.972566  0.0143369   0.232185  -0.192009
-0.0103644   0.999779 -0.0183189  0.0424978
 -0.232396  0.0154098   0.972499 -0.0165505
         0          0          0          1
           1 -0.000299532 -0.000339214 -3.99286e-05
 0.000299929            1  0.000277889  4.77433e-05
 0.000339128 -0.000277987            1 -3.59416e-05
           0            0            0            1
 0.850235 -0.390491 -0.353012  0.223398
 0.430988  0.901431  0.040904 0.0453649
 0.302243 -0.186922  0.934724 0.0375324
        0         0         0         1
