 0.752226  0.447679  0.483466 -0.370761
-0.345745  0.892792 -0.288761  0.169726
-0.560907 0.0500574  0.826365 0.0960252
        0         0         0         1
  0.85058  0.430527  0.301927 -0.220845
-0.390206  0.901657 -0.186423 0.0534266
-0.352495 0.0407543  0.934926 0.0418958
        0         0         0         1
           1  -2.0951e-05  7.66516e-05  -1.7941e-05
 2.10181e-05            1 -3.15309e-05  1.64807e-05
-7.67112e-05  3.15756e-05            1  4.17233e-06
           0            0            0            1
