 0.752361  0.447489  0.483433 -0.370746
 -0.34564   0.89289 -0.288586  0.169645
-0.560791 0.0500272  0.826445  0.096002
        0         0         0         1
 0.850592   0.43047  0.301977 -0.220833
-0.390219  0.901693  -0.18622 0.0534311
-0.352453   0.04056   0.93495 0.0419444
        0         0         0         1
           1 -0.000241637 -9.48906e-05  4.40478e-05
 0.000241771            1   0.00011903  2.11298e-05
 9.49204e-05 -0.000119045            1  6.63996e-05
           0            0            0            1
