 0.752224  0.447607  0.483536 -0.370749
-0.345671  0.892828 -0.288737  0.169688
-0.560955 0.0500501  0.826332 0.0960099
        0         0         0         1
 0.850485  0.430675  0.301985 -0.220901
-0.390379  0.901593 -0.186373 0.0534418
-0.352533 0.0406191  0.934917 0.0419427
        0         0         0         1
           1 -0.000146654 -5.96046e-08  3.67761e-05
 0.000146445            1  1.39028e-05  1.40667e-05
 2.98023e-08 -1.38283e-05            1  2.52724e-05
           0            0            0            1
