 0.752263  0.447571  0.483508 -0.370718
-0.345547  0.892837 -0.288859  0.169653
-0.560979 0.0502232  0.826305 0.0959684
        0         0         0         1
 0.850559  0.430575   0.30192 -0.220856
-0.390192  0.901628 -0.186594 0.0534121
-0.352562 0.0409027  0.934894 0.0418486
        0         0         0         1
           1  1.34334e-05 -8.12411e-05  4.05312e-05
-1.35191e-05            1 -0.000192955  1.72853e-06
 8.12113e-05  0.000192985            1 -4.25577e-05
           0            0            0            1
