 0.752198  0.447619  0.483565 -0.370743
-0.345517   0.89281 -0.288981  0.169675
-0.561085 0.0502909   0.82623 0.0959933
        0         0         0         1
 0.850442  0.430687   0.30209 -0.220835
-0.390302   0.90158 -0.186598 0.0534388
-0.352723 0.0407845  0.934838 0.0418439
        0         0         0         1
           1  0.000175286   0.00010103 -2.93404e-05
-0.000175226            1 -0.000209764 -1.96993e-05
-0.000101089  0.000209749            1 -8.39829e-05
           0            0            0            1
