 0.752258  0.447452  0.483626 -0.370692
-0.345446  0.892899 -0.288788  0.169587
-0.561048  0.050177  0.826261 0.0960007
        0         0         0         1
 0.850538  0.430563  0.301994 -0.220786
-0.390198  0.901637 -0.186537 0.0533366
-0.352605 0.0408191  0.934881 0.0418405
        0         0         0         1
           1  2.77683e-05 -3.52859e-05 -3.16426e-05
-2.78875e-05            1 -7.24047e-05 -8.34465e-06
 3.51071e-05  7.24792e-05            1 -3.76701e-05
           0            0            0            1
