 0.752204   0.44756  0.483611 -0.370721
 -0.34551  0.892843 -0.288883  0.169655
-0.561081 0.0502067  0.826237 0.0960554
        0         0         0         1
  0.85061  0.430463  0.301934 -0.220778
-0.390033  0.901674 -0.186703 0.0533783
-0.352615 0.0410468  0.934868 0.0418012
        0         0         0         1
           1  4.37349e-05  1.57952e-06 -9.35793e-06
-4.37312e-05            1  -8.6993e-05  2.67923e-05
-1.54972e-06  8.69781e-05            1 -2.32458e-06
           0            0            0            1
