 0.752205  0.447682  0.483497 -0.370738
-0.345661  0.892784 -0.288886   0.16972
-0.560987 0.0501759  0.826302 0.0959866
        0         0         0         1
  0.85049  0.430517  0.302197  -0.22076
-0.390229  0.901672 -0.186302 0.0533735
-0.352688  0.040522  0.934863 0.0419857
        0         0         0         1
           1 -4.52884e-05  9.54568e-05  4.92483e-05
 4.54001e-05            1  0.000136286  1.43349e-05
-9.54568e-05 -0.000136256            1  4.26173e-05
           0            0            0            1
