 0.752266  0.447451  0.483616 -0.370673
-0.345445  0.892899 -0.288788  0.169653
-0.561039 0.0501826  0.826267 0.0959667
        0         0         0         1
 0.850514  0.430583  0.302034 -0.220804
 -0.39014   0.90162 -0.186741 0.0533892
-0.352727 0.0409904  0.934828 0.0418136
        0         0         0         1
           1  1.12429e-05  3.95477e-05  3.68059e-06
-1.14329e-05            1 -0.000150383  1.41561e-05
-3.96371e-05  0.000150383            1 -8.22544e-05
           0            0            0            1
