 0.752087  0.447605  0.483751 -0.370702
-0.345734  0.892843 -0.288618  0.169694
  -0.5611 0.0498169  0.826248  0.096102
        0         0         0         1
 0.850342  0.430797  0.302212 -0.220878
-0.390428  0.901533 -0.186558 0.0534396
-0.352823 0.0406464  0.934807 0.0419226
        0         0         0         1
           1   0.00030522  0.000119984 -0.000111796
-0.000305027            1 -9.34899e-05 -1.17421e-05
-0.000120014  9.34154e-05            1 -4.31538e-05
           0            0            0            1
