 0.752129  0.447747  0.483553 -0.370755
-0.345766  0.892758  -0.28884  0.169712
-0.561023 0.0500485  0.826285 0.0960149
        0         0         0         1
 0.850382  0.430735  0.302188 -0.220867
-0.390349  0.901559 -0.186598 0.0534149
-0.352815 0.0407202  0.934807 0.0419095
        0         0         0         1
           1  0.000197005  9.14931e-05 -6.47083e-05
-0.000197019            1 -2.58088e-05 -2.46763e-05
-9.15229e-05  2.57939e-05            1 -2.33054e-05
           0            0            0            1
