 0.752357  0.447221  0.483687 -0.370652
-0.345347  0.893023 -0.288522  0.169597
-0.560977 0.0500314  0.826319 0.0960308
        0         0         0         1
 0.850454  0.430588  0.302195 -0.220775
-0.390285  0.901637 -0.186354 0.0533921
-0.352712 0.0405431  0.934853 0.0419337
        0         0         0         1
           1 -0.000131425  4.25279e-05  2.29254e-05
 0.000131365            1  0.000238717 -5.93066e-06
-4.26173e-05 -0.000238672            1  8.95262e-05
           0            0            0            1
