 0.752165  0.447666  0.483574 -0.370752
-0.345678  0.892797 -0.288824  0.169684
 -0.56103  0.050082  0.826279 0.0960487
        0         0         0         1
 0.850453  0.430706  0.302031 -0.220882
-0.390316  0.901568 -0.186623 0.0534387
-0.352681 0.0408265  0.934852  0.041862
        0         0         0         1
           1  0.000227481 -6.62804e-05 -5.63934e-05
-0.000227656            1  -1.3724e-05  1.01328e-05
 6.62506e-05  1.37836e-05            1 -7.03335e-06
           0            0            0            1
