 0.752221  0.447537  0.483605 -0.370699
-0.345616  0.892866 -0.288688  0.169654
-0.560993 0.0500161  0.826308 0.0960346
        0         0         0         1
 0.850501  0.430623  0.302014 -0.220818
-0.390257  0.901609 -0.186549 0.0534333
-0.352631 0.0407971  0.934873 0.0418669
        0         0         0         1
           1  0.000141475  3.43621e-05   -2.563e-05
-0.000141457            1 -6.21676e-05  9.74536e-06
-3.43919e-05  6.21825e-05            1 -3.57628e-05
           0            0            0            1
