 0.752265  0.447443  0.483624 -0.370695
 -0.34546  0.892906 -0.288751  0.169641
 -0.56103 0.0501449  0.826275 0.0960118
        0         0         0         1
 0.850443  0.430655  0.302129 -0.220815
 -0.39034  0.901603 -0.186405 0.0534033
-0.352677 0.0405936  0.934864 0.0419578
        0         0         0         1
           1 -1.27405e-06  4.68194e-05  7.56979e-06
 1.11386e-06            1   0.00019148 -1.74344e-05
-4.68493e-05  -0.00019145            1  5.83529e-05
           0            0            0            1
