 0.752205  0.447573  0.483597 -0.370734
-0.345582  0.892842   -0.2888  0.169681
-0.561034 0.0501147  0.826274 0.0960056
        0         0         0         1
 0.850537  0.430531  0.302042 -0.220814
-0.390187  0.901656 -0.186471 0.0533977
 -0.35262 0.0407473  0.934879 0.0418787
        0         0         0         1
           1  9.96664e-05  4.16338e-05 -5.49555e-05
-9.96701e-05            1 -4.94272e-05 -1.81794e-05
-4.16636e-05  4.94272e-05            1 -2.12193e-05
           0            0            0            1
