 0.752223   0.44751  0.483627 -0.370743
-0.345579  0.892879 -0.288693  0.169647
-0.561013 0.0500302  0.826294 0.0960153
        0         0         0         1
 0.850615  0.430441  0.301951 -0.220774
 -0.39006  0.901691 -0.186567 0.0533573
-0.352572 0.0409181  0.934889 0.0418406
        0         0         0         1
           1 -1.47074e-05 -3.10838e-05  1.39326e-05
 1.48639e-05            1 -5.30481e-06 -5.06639e-07
 3.11434e-05  5.28991e-06            1  1.19209e-06
           0            0            0            1
