 0.752262  0.447336  0.483728 -0.370713
-0.345232  0.892949 -0.288888  0.169556
-0.561175 0.0503211  0.826166 0.0959883
        0         0         0         1
 0.850632  0.430284  0.302127 -0.220747
-0.389894  0.901767 -0.186544 0.0533356
-0.352715 0.0408831  0.934837 0.0418481
        0         0         0         1
           1  -9.3013e-05  0.000111908 -4.42564e-06
 9.29795e-05            1 -0.000203803   2.3067e-05
-0.000111848  0.000203848            1 -6.77705e-05
           0            0            0            1
