 0.752283   0.44754  0.483506 -0.370704
-0.345588  0.892858 -0.288744  0.169643
-0.560927 0.0501233  0.826347 0.0960121
        0         0         0         1
 0.850453  0.430588  0.302197 -0.220764
-0.390223   0.90163 -0.186516 0.0533846
-0.352781 0.0406989   0.93482 0.0419469
        0         0         0         1
           1  3.11434e-06  1.57356e-05  3.29465e-05
-3.14042e-06            1 -7.72774e-05  2.21431e-05
-1.57058e-05  7.72774e-05            1  1.26362e-05
           0            0            0            1
