 0.752284  0.447523  0.483521 -0.370715
-0.345572  0.892867 -0.288736  0.169647
-0.560936 0.0501204   0.82634 0.0960511
        0         0         0         1
 0.850394  0.430634  0.302298 -0.220829
-0.390263  0.901611 -0.186528 0.0534064
-0.352881  0.040647  0.934785 0.0419518
        0         0         0         1
           1 -9.71481e-05  5.92172e-05  2.33948e-05
 9.72115e-05            1 -9.76026e-05  8.73208e-06
-5.91576e-05  9.76026e-05            1   -3.016e-05
           0            0            0            1
