 0.752304  0.447375  0.483626 -0.370665
-0.345405  0.892939 -0.288714  0.169596
-0.561012 0.0501537  0.826287 0.0959635
        0         0         0         1
 0.850546  0.430552  0.301987 -0.220826
-0.390166  0.901639 -0.186594 0.0533919
-0.352621 0.0408817  0.934873 0.0418572
        0         0         0         1
           1 -9.91337e-05 -0.000132352  4.25354e-05
 9.89698e-05            1 -1.21593e-05  7.45058e-07
 0.000132352  1.21742e-05            1 -1.90735e-05
           0            0            0            1
