 0.752393   0.44726  0.483594 -0.370662
-0.345458  0.893008 -0.288437  0.169587
-0.560859 0.0499566  0.826403 0.0960506
        0         0         0         1
 0.850622  0.430379  0.302019 -0.220734
-0.390077  0.901731 -0.186338 0.0533741
-0.352536 0.0406921  0.934913 0.0419158
        0         0         0         1
           1 -0.000304002 -0.000146598  8.48621e-05
 0.000304241            1  6.53714e-05  1.84476e-05
 0.000146568 -6.54608e-05            1   4.9293e-05
           0            0            0            1
