 0.752271    0.4475  0.483562 -0.370701
-0.345559   0.89288 -0.288711  0.169641
-0.560961 0.0500903  0.826325 0.0960261
        0         0         0         1
 0.850616  0.430419  0.301979 -0.220769
-0.390092  0.901708 -0.186414 0.0533463
-0.352533 0.0407674  0.934911 0.0419105
        0         0         0         1
           1 -0.000151306 -6.89626e-05  2.99364e-05
 0.000151251            1  -1.9744e-05  3.09944e-06
 6.89924e-05  1.97142e-05            1  1.69277e-05
           0            0            0            1
