 0.752401  0.447263   0.48358 -0.370703
-0.345333  0.892995 -0.288628  0.169541
-0.560926 0.0501683  0.826344 0.0960164
        0         0         0         1
 0.850522  0.430494  0.302138 -0.220816
-0.390076  0.901667  -0.18665 0.0533475
-0.352779 0.0408934  0.934813  0.041855
        0         0         0         1
           1 -0.000141826  0.000109524 -6.77258e-06
 0.000142131            1   3.9205e-05 -3.25143e-05
-0.000109494 -3.93093e-05            1  -2.0802e-05
           0            0            0            1
