 0.752333   0.44735  0.483605 -0.370677
-0.345269   0.89294 -0.288873  0.169606
-0.561057 0.0503545  0.826244 0.0959604
        0         0         0         1
 0.850585  0.430371  0.302136 -0.220707
-0.390036  0.901733  -0.18641   0.05335
-0.352671 0.0407133  0.934861 0.0419226
        0         0         0         1
           1  8.36924e-05  -3.1203e-05  2.86847e-05
-8.39084e-05            1  0.000226229 -2.96235e-05
 3.11732e-05  -0.00022617            1    0.0001055
           0            0            0            1
