 0.752282  0.447363  0.483672 -0.370664
 -0.34547  0.892954 -0.288591  0.169601
-0.561001 0.0500075  0.826303 0.0960305
        0         0         0         1
 0.850477  0.430582   0.30214 -0.220812
-0.390258  0.901636 -0.186415 0.0533811
-0.352687 0.0406286  0.934859  0.041914
        0         0         0         1
           1 -0.000191905  3.52859e-05  9.50247e-05
  0.00019186            1   0.00010483 -6.91414e-06
-3.52859e-05 -0.000104815            1  3.36766e-05
           0            0            0            1
