  0.75227  0.447459  0.483602 -0.370674
-0.345417  0.892892 -0.288844  0.169684
 -0.56105 0.0502443  0.826256  0.095956
        0         0         0         1
 0.850446  0.430728  0.302018 -0.220883
-0.390292  0.901553 -0.186748 0.0534179
-0.352723 0.0409432  0.934832 0.0418246
        0         0         0         1
           1  1.87643e-05 -7.62045e-05  1.58548e-05
-1.87084e-05            1 -6.35386e-05 -1.46031e-06
 7.61449e-05  6.34938e-05            1 -1.62125e-05
           0            0            0            1
