 0.752308  0.447531  0.483476  -0.37072
-0.345588  0.892862 -0.288731  0.169683
-0.560894 0.0501308  0.826369 0.0960263
        0         0         0         1
 0.850603  0.430494   0.30191 -0.220786
-0.390103  0.901664 -0.186606 0.0533971
-0.352554 0.0409514  0.934895 0.0418088
        0         0         0         1
           1 -8.14013e-05 -4.41968e-05  2.70233e-05
 8.15205e-05            1   4.5523e-05  1.13547e-05
 4.42266e-05 -4.56274e-05            1  3.76105e-05
           0            0            0            1
