  0.75221  0.447637  0.483531 -0.370757
-0.345636  0.892808 -0.288841  0.169664
-0.560996 0.0501433  0.826298 0.0959793
        0         0         0         1
   0.8505  0.430633  0.302001 -0.220835
-0.390253  0.901603 -0.186588 0.0533883
-0.352636 0.0408363  0.934869  0.041834
        0         0         0         1
           1  3.41311e-05 -4.86374e-05 -4.06429e-05
-3.41944e-05            1  7.03484e-05 -3.00407e-05
 4.86374e-05 -7.03633e-05            1  2.28286e-05
           0            0            0            1
