 0.752165  0.447725  0.483518 -0.370751
-0.345592  0.892754 -0.289061  0.169696
-0.561082 0.0503215  0.826229 0.0959331
        0         0         0         1
 0.850429  0.430709  0.302093 -0.220848
 -0.39027  0.901563 -0.186744 0.0534262
-0.352788  0.040915  0.934808 0.0418152
        0         0         0         1
           1  0.000183828   1.9908e-05 -6.82324e-05
-0.000183817            1  -0.00024651  1.41263e-05
 -1.9908e-05  0.000246495            1 -0.000121653
           0            0            0            1
