 0.752284  0.447453  0.483586 -0.370706
 -0.34549  0.892901 -0.288728  0.169654
-0.560986 0.0501312  0.826306 0.0959657
        0         0         0         1
 0.850497  0.430589  0.302073 -0.220809
-0.390209  0.901625 -0.186574 0.0533741
-0.352693 0.0408092  0.934849 0.0418562
        0         0         0         1
           1  9.99868e-06  0.000105411 -1.01253e-05
 -9.9875e-06            1  -7.5534e-05 -2.17855e-05
-0.000105441   7.5534e-05            1 -4.44055e-05
           0            0            0            1
