 0.752249  0.447444  0.483648 -0.370694
-0.345424  0.892902 -0.288804  0.169663
-0.561074 0.0501885  0.826243  0.096014
        0         0         0         1
 0.850484  0.430532  0.302192 -0.220774
-0.390157  0.901656 -0.186534 0.0534151
-0.352782 0.0407422  0.934818 0.0419045
        0         0         0         1
           1 -5.67958e-05  2.88785e-05  1.96919e-05
  5.6617e-05            1   -7.388e-05  4.83394e-05
-2.89083e-05  7.39098e-05            1 -3.56436e-05
           0            0            0            1
