 0.752232   0.44752  0.483605 -0.370713
-0.345536  0.892868 -0.288777  0.169628
-0.561028 0.0501245  0.826278 0.0959938
        0         0         0         1
 0.850546  0.430463  0.302113 -0.220733
-0.390069  0.901683 -0.186584 0.0533513
-0.352728 0.0408533  0.934834 0.0418682
        0         0         0         1
           1 -3.73125e-05  0.000123799  3.11136e-05
 3.73237e-05            1 -1.86861e-05 -3.67463e-05
-0.000123799   1.8701e-05            1 -1.22786e-05
           0            0            0            1
