   0.7522  0.447516  0.483657 -0.370709
-0.345449  0.892865 -0.288891  0.169694
-0.561124  0.050225  0.826207 0.0959577
        0         0         0         1
 0.850532  0.430553  0.302026 -0.220788
-0.390123  0.901635 -0.186704 0.0533955
-0.352703 0.0409701  0.934838 0.0417672
        0         0         0         1
           1  8.93697e-05  4.20511e-05 -5.77867e-05
-8.93511e-05            1 -5.15431e-05  3.28124e-05
-4.20809e-05   5.1558e-05            1 -3.51667e-05
           0            0            0            1
