 0.752104  0.447516  0.483806 -0.370704
-0.345536  0.892877 -0.288748  0.169655
-0.561199 0.0499966  0.826169 0.0960804
        0         0         0         1
 0.850405  0.430651  0.302245 -0.220827
-0.390287  0.901603 -0.186517 0.0533939
-0.352828 0.0406524  0.934804 0.0419353
        0         0         0         1
           1  8.69185e-05  9.35793e-05 -8.34614e-05
-8.68775e-05            1 -9.52035e-05 -1.00136e-05
-9.35495e-05  9.51439e-05            1 -1.33514e-05
           0            0            0            1
