 0.752251  0.447513  0.483581 -0.370733
-0.345433  0.892862 -0.288917  0.169674
-0.561066 0.0502928  0.826242 0.0959749
        0         0         0         1
  0.85048  0.430675  0.301997 -0.220842
-0.390257  0.901578 -0.186696 0.0534239
-0.352679 0.0409249  0.934849 0.0417973
        0         0         0         1
           1  0.000120681  -6.1661e-05 -4.02331e-05
-0.000120632            1  -5.1558e-06  8.40425e-06
  6.1661e-05   5.1558e-06            1 -1.72257e-05
           0            0            0            1
