 0.752231  0.447414  0.483703 -0.370641
-0.345561  0.892933 -0.288544  0.169631
-0.561013 0.0499029  0.826301  0.096076
        0         0         0         1
 0.850487  0.430565  0.302135 -0.220775
-0.390243  0.901644 -0.186408 0.0534078
-0.352679 0.0406314  0.934862 0.0419451
        0         0         0         1
           1 -1.32993e-06  5.97835e-05  4.21181e-05
 1.18092e-06            1    3.694e-05 -1.31428e-05
-5.98133e-05 -3.69251e-05            1  5.36442e-06
           0            0            0            1
