 0.752435  0.447281  0.483509 -0.370659
-0.345363  0.892985 -0.288622  0.169607
-0.560861 0.0501832  0.826388  0.095984
        0         0         0         1
 0.850497  0.430656  0.301978 -0.220833
 -0.39029  0.901593 -0.186556 0.0534291
-0.352603 0.0408066  0.934883 0.0418683
        0         0         0         1
           1 -0.000116866  -0.00014165  5.69969e-05
 0.000116862            1  0.000113115  3.26037e-05
 0.000141561  -0.00011307            1  4.02331e-05
           0            0            0            1
