   0.7523  0.447348  0.483657 -0.370666
-0.345387  0.892954 -0.288689  0.169595
-0.561028 0.0501313  0.826278 0.0959913
        0         0         0         1
 0.850514  0.430552  0.302078 -0.220801
 -0.39015   0.90164 -0.186622 0.0533911
-0.352716 0.0408684  0.934838 0.0418477
        0         0         0         1
           1 -9.34564e-05  5.98431e-05  4.63799e-05
 9.35905e-05            1 -4.91291e-05 -8.55327e-06
-5.98133e-05  4.90844e-05            1 -4.58956e-06
           0            0            0            1
