 0.752098  0.447655  0.483687 -0.370752
-0.345656  0.892805 -0.288828  0.169685
-0.561134 0.0500374  0.826211 0.0960667
        0         0         0         1
  0.85049  0.430583  0.302101 -0.220804
-0.390212   0.90163 -0.186543 0.0533639
-0.352706 0.0407699  0.934846 0.0419131
        0         0         0         1
           1   0.00010116  8.43108e-05  -4.4331e-05
-0.000101313            1  4.58062e-05 -4.27663e-05
-8.43704e-05 -4.57764e-05            1  3.93987e-05
           0            0            0            1
