 0.752397   0.44725  0.483596 -0.370635
-0.345367  0.893005 -0.288554  0.169568
 -0.56091 0.0500892   0.82636  0.096041
        0         0         0         1
 0.850546  0.430476  0.302094 -0.220777
-0.390162  0.901686 -0.186378 0.0533672
-0.352625 0.0406575  0.934881 0.0419913
        0         0         0         1
           1 -0.000183061  2.31862e-05  0.000114202
 0.000182781            1   0.00013715 -1.84774e-06
-2.32458e-05  -0.00013715            1  9.16123e-05
           0            0            0            1
