 0.752297    0.4475   0.48352  -0.37071
-0.345525  0.892875 -0.288766  0.169646
-0.560946 0.0501699   0.82633  0.095989
        0         0         0         1
 0.850493  0.430567  0.302114 -0.220837
-0.390235  0.901642 -0.186437 0.0533956
-0.352673 0.0406677  0.934862 0.0419154
        0         0         0         1
           1  6.64853e-05 -7.73668e-05 -3.11509e-05
-6.64443e-05            1  -8.1569e-05  1.09673e-05
 7.73072e-05  8.15988e-05            1 -1.21593e-05
           0            0            0            1
