 0.752304  0.447524  0.483488 -0.370731
-0.345502  0.892859 -0.288845  0.169648
-0.560952 0.0502538  0.826322 0.0959652
        0         0         0         1
 0.850454   0.43065  0.302106 -0.220833
-0.390237  0.901594 -0.186666 0.0533927
-0.352764 0.0408579   0.93482 0.0418309
        0         0         0         1
           1 -0.000106178  9.99272e-05  1.06543e-05
 0.000106111            1  7.00504e-05 -2.29478e-06
-9.98676e-05 -7.00206e-05            1  2.27094e-05
           0            0            0            1
