 0.752225  0.447549  0.483588 -0.370697
-0.345567  0.892854 -0.288782  0.169679
-0.561017 0.0501166  0.826285 0.0960076
        0         0         0         1
 0.850507  0.430576  0.302062 -0.220792
-0.390144  0.901625  -0.18671  0.053418
 -0.35274 0.0409507  0.934825  0.041786
        0         0         0         1
           1  9.45479e-06  5.59688e-05  2.19792e-06
-9.49576e-06            1  7.43568e-05  3.30806e-06
-5.59092e-05 -7.44164e-05            1  2.52724e-05
           0            0            0            1
