 0.752347  0.447369  0.483565 -0.370674
-0.345391  0.892939 -0.288729  0.169616
-0.560963 0.0502054  0.826317 0.0959844
        0         0         0         1
 0.850521  0.430575  0.302026 -0.220816
  -0.3902  0.901631 -0.186562  0.053407
-0.352645 0.0408245  0.934866  0.041844
        0         0         0         1
           1  5.48661e-05    2.563e-06 -2.33352e-05
-5.49741e-05            1 -3.72827e-05  6.13928e-06
 -2.5928e-06  3.72827e-05            1 -1.06692e-05
           0            0            0            1
