 0.752223   0.44743  0.483702 -0.370679
-0.345578  0.892926 -0.288546  0.169617
-0.561014 0.0498935  0.826301 0.0960654
        0         0         0         1
 0.850519   0.43059  0.302008 -0.220812
 -0.39023  0.901625 -0.186526 0.0534033
-0.352615 0.0407915  0.934879 0.0418684
        0         0         0         1
           1 -4.85778e-06 -2.46167e-05  2.14577e-05
 4.80562e-06            1  1.15633e-05 -2.60174e-05
 2.46763e-05 -1.15782e-05            1  9.71556e-06
           0            0            0            1
