 0.752235  0.447499  0.483618 -0.370663
-0.345667  0.892892 -0.288544  0.169635
-0.560942 0.0498822  0.826351 0.0960581
        0         0         0         1
 0.850476  0.430677  0.302008 -0.220866
-0.390371  0.901591 -0.186399 0.0534369
-0.352565 0.0406326  0.934905  0.041938
        0         0         0         1
           1  6.47269e-05 -1.78516e-05  1.01328e-06
-6.47642e-05            1  8.04961e-05 -2.92063e-05
 1.78218e-05 -8.04663e-05            1  3.79682e-05
           0            0            0            1
