 0.752334  0.447393  0.483562 -0.370686
-0.345479  0.892933 -0.288644  0.169609
-0.560925 0.0500965  0.826349 0.0960453
        0         0         0         1
 0.850521  0.430594  0.301999 -0.220868
-0.390238  0.901623 -0.186519 0.0534078
-0.352603  0.040787  0.934883 0.0419078
        0         0         0         1
           1 -8.06898e-05  -1.3113e-05  3.57777e-05
 8.04439e-05            1  5.06341e-05  6.73532e-06
 1.30832e-05 -5.06043e-05            1  5.07236e-05
           0            0            0            1
