 0.752329  0.447243  0.483709 -0.370673
-0.345272  0.893005 -0.288669  0.169559
 -0.56106 0.0501628  0.826253 0.0959848
        0         0         0         1
 0.850553  0.430468  0.302089 -0.220813
-0.390012  0.901673 -0.186754 0.0533732
-0.352777 0.0410255  0.934808    0.0418
        0         0         0         1
           1  -0.00016956  4.04418e-05  5.88298e-05
 0.000169307            1 -0.000117853  1.45435e-05
-4.04418e-05  0.000117987            1 -5.91874e-05
           0            0            0            1
