 0.752308  0.447457  0.483543 -0.370656
-0.345588  0.892906 -0.288596   0.16963
-0.560893 0.0500068  0.826376 0.0960263
        0         0         0         1
 0.850515  0.430609  0.301994 -0.220821
-0.390285   0.90162 -0.186435 0.0534251
-0.352565 0.0407019  0.934902 0.0419014
        0         0         0         1
           1 -0.000135176 -5.26011e-05  5.34281e-05
 0.000135008            1  0.000301257  9.74536e-06
 5.24521e-05 -0.000301212            1  8.45194e-05
           0            0            0            1
