 0.752253  0.447509  0.483582 -0.370751
-0.345523  0.892873 -0.288778   0.16961
-0.561008 0.0501448   0.82629 0.0959789
        0         0         0         1
 0.850521  0.430575  0.302027 -0.220847
-0.390207  0.901632 -0.186542 0.0533453
-0.352637  0.040805   0.93487  0.041849
        0         0         0         1
           1 -6.80126e-05  3.99351e-05  1.43796e-05
 6.80313e-05            1  -1.5378e-05 -1.20699e-05
-3.99649e-05   1.5378e-05            1 -2.88486e-05
           0            0            0            1
