  0.972444  0.0141193   0.232708  -0.192065
-0.0100431   0.999775 -0.0186921  0.0424524
  -0.23292  0.0158399   0.972367 -0.0164646
         0          0          0          1
           1 -0.000478028  0.000168132 -7.18362e-05
 0.000477968            1 -0.000411595   1.3411e-05
-0.000167932  0.000411673            1 -0.000171006
           0            0            0            1
 0.850342 -0.390653 -0.352574  0.223365
 0.430864  0.901518 0.0402785 0.0453358
 0.302117 -0.186162  0.934917 0.0373334
        0         0         0         1
