 0.752083  0.447591   0.48377 -0.370702
-0.345457  0.892826 -0.288999  0.169707
-0.561276 0.0502298  0.826102 0.0960419
        0         0         0         1
 0.850415  0.430781   0.30203 -0.220873
-0.390324  0.901525 -0.186813 0.0534655
-0.352763 0.0409795  0.934815 0.0418041
        0         0         0         1
           1  0.000216991  0.000110596 -3.61204e-05
-0.000217136            1 -0.000214979  3.84152e-05
-0.000110656  0.000215009            1 -7.28965e-05
           0            0            0            1
