 0.752356  0.447405  0.483518 -0.370705
-0.345517  0.892929 -0.288611  0.169595
-0.560873 0.0500749  0.826386 0.0960334
        0         0         0         1
  0.85051   0.43066  0.301935 -0.220883
-0.390246  0.901585 -0.186688 0.0533949
-0.352619  0.040951  0.934871 0.0418322
        0         0         0         1
           1 -0.000105463  -4.3124e-05  2.33948e-05
 0.000105787            1  0.000125289 -1.89841e-05
  4.3124e-05 -0.000125334            1  6.90818e-05
           0            0            0            1
