 0.752312  0.447471  0.483525 -0.370714
-0.345474  0.892888  -0.28879   0.16966
-0.560959 0.0502149  0.826319 0.0959918
        0         0         0         1
 0.850535  0.430572  0.301991 -0.220832
-0.390128  0.901624 -0.186749 0.0534006
-0.352691 0.0410213   0.93484 0.0418103
        0         0         0         1
           1 -5.70007e-05  6.66082e-05   3.1516e-06
  5.7172e-05            1  9.47714e-06 -1.32024e-05
-6.65784e-05 -9.47714e-06            1  7.27177e-06
           0            0            0            1
