 0.752154  0.447661  0.483595 -0.370728
-0.345712  0.892804 -0.288764  0.169675
-0.561024 0.0500109  0.826288 0.0960461
        0         0         0         1
 0.850353  0.430776  0.302213 -0.220881
-0.390357  0.901537 -0.186687 0.0534318
-0.352876 0.0407789  0.934781 0.0418459
        0         0         0         1
           1  0.000293229  0.000136852 -6.56843e-05
-0.000293136            1  2.67625e-05 -1.96695e-06
-0.000136882 -2.68221e-05            1  -8.9407e-07
           0            0            0            1
