 0.752201  0.447517  0.483655 -0.370715
 -0.34553  0.892871 -0.288774  0.169633
-0.561073 0.0500989  0.826249 0.0960388
        0         0         0         1
 0.850425    0.4307  0.302118 -0.220879
-0.390315  0.901574 -0.186595 0.0533941
-0.352748 0.0407632   0.93483  0.041851
        0         0         0         1
           1 -7.11121e-05 -3.22163e-05 -1.89617e-05
 7.10599e-05            1  5.74887e-05 -1.87159e-05
 3.21865e-05 -5.74291e-05            1   2.5034e-05
           0            0            0            1
