 0.752158  0.447773  0.483485 -0.370779
-0.345743  0.892739 -0.288927  0.169713
   -0.561  0.050157  0.826295 0.0959634
        0         0         0         1
 0.850399  0.430748   0.30212 -0.220904
-0.390377  0.901553 -0.186567 0.0534412
-0.352741  0.040716  0.934835 0.0418849
        0         0         0         1
           1  9.89102e-05  1.51396e-05 -6.50138e-05
-9.89027e-05            1 -4.58956e-06  1.09375e-05
-1.51098e-05  4.55976e-06            1  -4.8697e-05
           0            0            0            1
