  0.75236  0.447381  0.483534 -0.370709
-0.345443  0.892936 -0.288676  0.169612
-0.560913  0.050155  0.826354 0.0960186
        0         0         0         1
 0.850483  0.430669  0.301999 -0.220892
-0.390325   0.90159 -0.186498 0.0533873
-0.352598 0.0407353  0.934888  0.041901
        0         0         0         1
           1 -0.000146683  -3.8594e-05   3.5651e-05
  0.00014656            1  6.94245e-05 -9.47714e-06
 3.85344e-05 -6.93798e-05            1  5.97835e-05
           0            0            0            1
