 0.752182  0.447651   0.48356 -0.370727
-0.345742  0.892811 -0.288706  0.169714
-0.560967  0.049973  0.826328 0.0960426
        0         0         0         1
 0.850544  0.430626  0.301886  -0.22082
-0.390198  0.901597 -0.186727 0.0534247
 -0.35259 0.0410243  0.934878 0.0417881
        0         0         0         1
           1  0.000107937  -1.5527e-05 -2.36034e-05
-0.000107992            1 -7.61896e-05  2.66135e-05
 1.54972e-05  7.62194e-05            1 -2.40207e-05
           0            0            0            1
