 0.752321  0.447439  0.483541  -0.37068
-0.345543  0.892912 -0.288631  0.169633
-0.560904 0.0500591  0.826366 0.0960447
        0         0         0         1
 0.850499  0.430591  0.302063 -0.220797
-0.390166  0.901619 -0.186693 0.0533861
-0.352734 0.0409279  0.934828 0.0418544
        0         0         0         1
           1  3.44478e-05  7.55489e-05 -7.53999e-06
-3.45297e-05            1 -3.63439e-05 -9.47714e-06
-7.56085e-05  3.63737e-05            1  1.97887e-05
           0            0            0            1
