 0.752291  0.447522  0.483511 -0.370726
-0.345527  0.892863 -0.288802  0.169646
-0.560954 0.0501971  0.826324 0.0960018
        0         0         0         1
 0.850473  0.430677  0.302013 -0.220898
-0.390314  0.901584  -0.18655 0.0534421
-0.352633 0.0407757  0.934873 0.0419047
        0         0         0         1
           1 -9.12324e-05 -6.11246e-05   1.3262e-06
 9.13441e-05            1  0.000128761 -2.63751e-05
  6.1065e-05 -0.000128806            1  6.22869e-05
           0            0            0            1
