 0.752145  0.447641  0.483628 -0.370712
-0.345655  0.892812 -0.288808  0.169648
-0.561071 0.0500574  0.826253 0.0961166
        0         0         0         1
 0.850492  0.430626  0.302033 -0.220831
-0.390178  0.901599 -0.186762 0.0533997
-0.352737 0.0409934  0.934824 0.0418243
        0         0         0         1
           1  4.74975e-05 -4.68791e-05  3.31551e-05
 -4.7408e-05            1 -0.000161529  2.98023e-08
 4.69387e-05  0.000161484            1 -6.67572e-06
           0            0            0            1
