 0.752122  0.447669  0.483638 -0.370751
-0.345588  0.892789 -0.288957  0.169739
-0.561144  0.050192  0.826195 0.0960101
        0         0         0         1
 0.850399  0.430831  0.302003 -0.220922
-0.390375  0.901502 -0.186822  0.053474
-0.352745 0.0409785  0.934822 0.0417605
        0         0         0         1
           1   3.3699e-05  3.93093e-05 -4.30644e-05
-3.35909e-05            1 -0.000228286  2.61068e-05
-3.93093e-05  0.000228256            1 -9.47714e-05
           0            0            0            1
