 0.752281  0.447458  0.483585 -0.370677
-0.345574  0.892906 -0.288613  0.169634
-0.560938 0.0500041  0.826346 0.0960585
        0         0         0         1
 0.850547  0.430532  0.302013 -0.220802
-0.390201  0.901656  -0.18644 0.0534111
 -0.35258 0.0407301  0.934895 0.0418836
        0         0         0         1
           1  2.72319e-05  6.99461e-05 -3.88846e-05
 -2.7094e-05            1 -0.000185117   2.2769e-05
-6.99162e-05  0.000185102            1 -7.82609e-05
           0            0            0            1
