 0.752294  0.447506  0.483521 -0.370683
  -0.3456  0.892879 -0.288665   0.16965
-0.560905 0.0500566  0.826365 0.0960135
        0         0         0         1
 0.850566  0.430551  0.301931 -0.220811
-0.390208  0.901643 -0.186486 0.0534026
-0.352526 0.0408024  0.934912 0.0418605
        0         0         0         1
           1 -9.27746e-05  3.57628e-07  3.79384e-05
 9.26778e-05            1  4.91738e-05  1.21891e-05
-4.17233e-07 -4.91291e-05            1  1.42455e-05
           0            0            0            1
