 0.752168  0.447584  0.483644 -0.370725
-0.345658  0.892844 -0.288704  0.169649
-0.561038 0.0499785   0.82628 0.0960644
        0         0         0         1
 0.850538  0.430516  0.302063 -0.220809
-0.390141   0.90166 -0.186548 0.0533759
 -0.35267  0.040819  0.934857 0.0418689
        0         0         0         1
           1 -4.13693e-05 -5.48661e-05  5.96344e-05
 4.14178e-05            1 -6.20037e-05  2.93255e-05
 5.48661e-05  6.19739e-05            1 -6.79493e-06
           0            0            0            1
