 0.752107  0.447641  0.483686 -0.370699
-0.345797  0.892825 -0.288595  0.169695
-0.561034 0.0497969  0.826293 0.0961007
        0         0         0         1
 0.850311  0.430884  0.302174 -0.220926
-0.390512  0.901491 -0.186586  0.053452
-0.352804 0.0406535  0.934813 0.0419157
        0         0         0         1
           1  6.30282e-05  0.000123501 -3.63365e-05
 -6.3058e-05            1 -4.21554e-05 -2.17855e-05
-0.000123471  4.20958e-05            1 -1.33514e-05
           0            0            0            1
