 0.752195  0.447444  0.483732 -0.370718
-0.345601  0.892921 -0.288534  0.169585
-0.561037  0.049856  0.826288 0.0960889
        0         0         0         1
 0.850441  0.430668  0.302119  -0.22087
-0.390296   0.90159 -0.186558 0.0533941
-0.352732  0.040741  0.934837 0.0418728
        0         0         0         1
           1 -0.000129692 -0.000115782  1.43647e-05
 0.000129733            1 -3.80129e-05 -6.73532e-06
 0.000115842  3.79831e-05            1 -1.57952e-05
           0            0            0            1
