  0.972482  0.0142997    0.23254  -0.192082
 -0.010275   0.999776 -0.0185089   0.042465
 -0.232753  0.0156102   0.972411 -0.0164087
         0          0          0          1
           1 -0.000338238  0.000226147 -6.50212e-05
 0.000338486            1 -0.000133022  3.78489e-05
-0.000226101  0.000133101            1 -8.86321e-05
           0            0            0            1
 0.850346 -0.390653 -0.352565  0.223351
 0.430949  0.901465 0.0405485  0.045346
 0.301984 -0.186418  0.934909 0.0374289
        0         0         0         1
