 0.752286  0.447531  0.483511 -0.370707
-0.345537  0.892859 -0.288804  0.169668
-0.560955 0.0501918  0.826324 0.0959735
        0         0         0         1
 0.850491  0.430607  0.302064 -0.220815
-0.390247  0.901619 -0.186523 0.0534269
-0.352664 0.0407564  0.934862 0.0418453
        0         0         0         1
           1  4.23864e-05  5.85318e-05 -1.14962e-05
-4.22634e-05            1  4.90844e-05  1.51396e-05
 -5.8502e-05 -4.90844e-05            1  1.96695e-06
           0            0            0            1
