 0.752334   0.44743  0.483528   -0.3707
-0.345558  0.892918 -0.288595  0.169607
-0.560877 0.0500329  0.826386 0.0959992
        0         0         0         1
  0.85057   0.43055  0.301922 -0.220882
-0.390188  0.901641 -0.186536 0.0533965
-0.352539 0.0408552  0.934905 0.0418709
        0         0         0         1
           1  5.40167e-06 -8.48174e-05  5.46873e-06
-5.62891e-06            1 -0.000120938  1.43051e-05
  8.4728e-05  0.000120997            1 -1.13845e-05
           0            0            0            1
