 0.752301   0.44745  0.483562  -0.37071
-0.345532  0.892906 -0.288663  0.169597
-0.560938 0.0500755  0.826342 0.0959832
        0         0         0         1
 0.850558  0.430454  0.302094 -0.220833
-0.390141  0.901696  -0.18637 0.0533883
-0.352621 0.0406597  0.934882 0.0419169
        0         0         0         1
           1 -7.88681e-05  4.33922e-05  7.45058e-06
 7.87787e-05            1  3.34084e-05  2.68221e-07
-4.33922e-05 -3.33935e-05            1 -1.38283e-05
           0            0            0            1
