  0.75216  0.447676  0.483571 -0.370737
 -0.34571  0.892794 -0.288795  0.169686
-0.561016 0.0500451  0.826291 0.0960255
        0         0         0         1
 0.850525  0.430631  0.301932 -0.220831
-0.390222  0.901598 -0.186674  0.053414
-0.352609 0.0409507  0.934874 0.0418166
        0         0         0         1
           1 -8.49217e-05  2.51532e-05  3.90261e-05
 8.48472e-05            1  0.000177383 -5.63264e-06
 -2.5183e-05 -0.000177354            1   6.1214e-05
           0            0            0            1
