 0.752223  0.447517   0.48362 -0.370665
-0.345713  0.892886 -0.288509  0.169657
 -0.56093   0.04983  0.826362 0.0960745
        0         0         0         1
 0.850365   0.43079  0.302158 -0.220877
-0.390428  0.901536 -0.186544  0.053423
-0.352768 0.0406594  0.934827 0.0418939
        0         0         0         1
           1  2.63639e-05  3.06964e-06  -1.7941e-05
-2.64682e-05            1  0.000157595 -4.23491e-05
-3.06964e-06  -0.00015758            1  7.46846e-05
           0            0            0            1
