 0.752202  0.447656  0.483524 -0.370723
-0.345577  0.892792 -0.288963  0.169699
-0.561042 0.0502636  0.826259 0.0959694
        0         0         0         1
 0.850495  0.430705  0.301912 -0.220834
-0.390298  0.901564 -0.186681 0.0534316
-0.352598 0.0409358  0.934879  0.041804
        0         0         0         1
           1  3.82215e-05 -2.80142e-05 -2.01091e-05
-3.81693e-05            1 -0.000248954  1.77324e-05
 2.79844e-05  0.000248939            1 -6.66976e-05
           0            0            0            1
