 0.752266  0.447537  0.483535 -0.370716
-0.345646  0.892866  -0.28865  0.169624
-0.560914 0.0500097  0.826362 0.0959861
        0         0         0         1
  0.85053   0.43055  0.302036 -0.220828
-0.390234   0.90165   -0.1864 0.0533959
-0.352585 0.0406742  0.934895 0.0419124
        0         0         0         1
           1  9.08375e-05  7.83205e-05 -2.98098e-05
-9.10386e-05            1    9.799e-05 -1.74046e-05
-7.83205e-05 -9.80049e-05            1   1.7643e-05
           0            0            0            1
