 0.752142   0.44766  0.483614 -0.370696
-0.345788  0.892812 -0.288648    0.1697
-0.560993 0.0498765  0.826317 0.0960658
        0         0         0         1
 0.850399  0.430806  0.302038 -0.220896
 -0.39043  0.901523 -0.186601 0.0534517
-0.352683  0.040761  0.934855 0.0418721
        0         0         0         1
           1 -3.71598e-05  1.94609e-05  1.41487e-05
 3.71784e-05            1  0.000120342   2.5332e-05
-1.94311e-05 -0.000120372            1  1.93715e-05
           0            0            0            1
