 0.752222  0.447567  0.483577 -0.370725
 -0.34563  0.892849 -0.288721  0.169626
-0.560983 0.0500436  0.826313 0.0960122
        0         0         0         1
  0.85053  0.430548  0.302039 -0.220822
-0.390161  0.901643 -0.186588 0.0533825
-0.352666 0.0408554  0.934857 0.0418275
        0         0         0         1
           1  1.60113e-05  -7.7188e-06 -1.67191e-05
-1.60635e-05            1 -2.01613e-05 -9.74536e-06
 7.77841e-06  2.01911e-05            1 -1.23382e-05
           0            0            0            1
