 0.752231  0.447599  0.483533 -0.370727
-0.345706  0.892836 -0.288671  0.169621
-0.560924 0.0499869  0.826357 0.0960434
        0         0         0         1
 0.850495  0.430649  0.301993 -0.220871
-0.390311    0.9016 -0.186479 0.0534159
-0.352584 0.0407279  0.934894  0.041902
        0         0         0         1
           1 -1.77696e-05 -0.000127494 -7.59959e-06
   1.809e-05            1 -0.000102952 -2.14577e-05
 0.000127524  0.000102863            1 -1.10269e-05
           0            0            0            1
