 0.752171  0.447575  0.483647 -0.370667
-0.345586  0.892843 -0.288795   0.16969
-0.561078 0.0500817  0.826246  0.096015
        0         0         0         1
  0.85045  0.430725  0.302012 -0.220863
-0.390267  0.901551 -0.186807 0.0534548
-0.352741 0.0410047  0.934822 0.0418099
        0         0         0         1
           1  0.000240877  0.000142455 -5.49704e-05
-0.000240915            1 -0.000178114  2.74479e-05
-0.000142545  0.000178114            1 -8.02875e-05
           0            0            0            1
