 0.752291  0.447588   0.48345 -0.370727
-0.345578  0.892828 -0.288849   0.16967
-0.560923 0.0502289  0.826343  0.095993
        0         0         0         1
 0.850545  0.430598  0.301925 -0.220833
-0.390196  0.901615 -0.186649 0.0534217
 -0.35259 0.0409438  0.934882 0.0418341
        0         0         0         1
           1 -1.49012e-05  2.80142e-06 -2.69711e-06
  1.4957e-05            1 -8.38041e-05            0
-2.83122e-06  8.37743e-05            1  -1.4782e-05
           0            0            0            1
