 0.752257  0.447431  0.483647 -0.370656
-0.345502  0.892917 -0.288666  0.169595
-0.561014 0.0500499  0.826292   0.09603
        0         0         0         1
  0.85046  0.430676  0.302053 -0.220875
-0.390249  0.901579 -0.186712 0.0533945
-0.352737 0.0409155  0.934828 0.0418425
        0         0         0         1
           1 -3.88175e-05  0.000132352  3.30657e-05
 3.88213e-05            1 -0.000133768  2.08616e-06
-0.000132352  0.000133753            1 -3.40343e-05
           0            0            0            1
