 0.752387  0.447439  0.483438 -0.370687
-0.345535  0.892908 -0.288654  0.169589
-0.560821 0.0501353  0.826417 0.0960054
        0         0         0         1
 0.850525  0.430617  0.301954 -0.220857
  -0.3902  0.901604 -0.186691 0.0533974
-0.352635 0.0409632  0.934863 0.0418303
        0         0         0         1
           1  -4.0777e-05 -0.000107288 -3.03984e-06
 4.05535e-05            1  1.99527e-05 -5.66244e-07
 0.000107259 -1.99527e-05            1  2.90871e-05
           0            0            0            1
