 0.752234  0.447559  0.483565 -0.370683
-0.345698  0.892859 -0.288609  0.169643
-0.560925  0.049934  0.826359 0.0960543
        0         0         0         1
 0.850524  0.430567   0.30203 -0.220803
-0.390154  0.901631 -0.186661 0.0533673
 -0.35269 0.0409212  0.934845 0.0418425
        0         0         0         1
           1  0.000146255  0.000181526  -2.0273e-05
-0.000146098            1  6.28233e-05 -2.49445e-05
-0.000181466 -6.29276e-05            1  1.65105e-05
           0            0            0            1
