 0.752238  0.446481  0.484554 -0.370266
-0.343972  0.893347 -0.289161  0.169186
-0.561979 0.0508449  0.825587 0.0958711
        0         0         0         1
  0.85056  0.429879  0.302905 -0.220659
-0.389509  0.901978 -0.186328 0.0532456
-0.353312 0.0404987  0.934629 0.0419108
        0         0         0         1
           1 -9.14596e-05  7.77543e-05  7.42525e-05
 9.17837e-05            1  2.22772e-05  3.63588e-06
 -7.7635e-05 -2.23815e-05            1  6.79493e-06
           0            0            0            1
