  0.972268  0.0143594    0.23343  -0.192051
-0.0101099   0.999761 -0.0193909  0.0425642
 -0.233652  0.0164932    0.97218 -0.0164608
         0          0          0          1
           1 -0.000461521  0.000304723 -0.000180329
 0.000461557            1 -0.000110595  7.39992e-05
-0.000304671  0.000110736            1 -9.24468e-05
           0            0            0            1
  0.85048 -0.390105 -0.352849  0.223117
 0.430277  0.901806 0.0400831  0.045244
 0.302565 -0.185913  0.934821 0.0373846
        0         0         0         1
