  0.972661  0.0150182   0.231745   -0.19211
-0.0110273   0.999768 -0.0185087   0.042534
 -0.231969  0.0154471     0.9726 -0.0168591
         0          0          0          1
    0.999999 -0.000360242  -0.00115584 -5.81201e-05
 0.000360132            1  0.000147509  8.77082e-05
  0.00115579 -0.000147928     0.999999 -0.000384271
           0            0            0            1
 0.850431 -0.390513 -0.352515  0.223398
 0.430884  0.901483   0.04084 0.0453858
 0.301837 -0.186625  0.934915 0.0373595
        0         0         0         1
