  0.972584  0.0141097   0.232121  -0.192032
-0.0101213    0.99978 -0.0183646  0.0423714
 -0.232329  0.0155118   0.972513 -0.0166382
         0          0          0          1
           1  -0.00050932 -0.000457278  8.58121e-06
  0.00050929            1  0.000144625  2.21133e-05
 0.000457209 -0.000144859            1 -0.000104427
           0            0            0            1
 0.850214 -0.390585 -0.352959  0.223397
 0.430935  0.901475  0.040471 0.0453404
 0.302376 -0.186511  0.934763 0.0373766
        0         0         0         1
