  0.972497  0.0156019   0.232394  -0.192117
-0.0118383   0.999775 -0.0175806  0.0425459
 -0.232616   0.014346   0.972463 -0.0163103
         0          0          0          1
           1  0.000132819  1.55326e-05 -5.13773e-05
-0.000132648            1 -7.75163e-06 -3.24249e-05
-1.55345e-05  7.75186e-06            1 -0.000339448
           0            0            0            1
 0.851494 -0.390499 -0.349954  0.223539
 0.430723  0.901503  0.042068 0.0452425
 0.299057 -0.186554  0.935822 0.0372612
        0         0         0         1
