  0.972638  0.0143688   0.231879   -0.19213
-0.0104079   0.999779 -0.0182955  0.0424505
 -0.232091  0.0153815   0.972573 -0.0165159
         0          0          0          1
           1 -0.000269487 -0.000331061 -5.18146e-05
 0.000269399            1 -0.000290503  2.14875e-05
 0.000331139  0.000290412            1 -0.000167072
           0            0            0            1
  0.85055 -0.390834 -0.351871  0.223471
 0.431025  0.901424 0.0406461  0.045358
 0.301299 -0.186237  0.935166 0.0373298
        0         0         0         1
