  0.972695  0.0140913   0.231657  -0.192166
-0.0101983   0.999786 -0.0179935  0.0424131
 -0.231861  0.0151397   0.972631 -0.0164564
         0          0          0          1
           1  -0.00062629 -0.000541037 -4.61796e-05
  0.00062641            1  3.39551e-05  1.46627e-05
 0.000541015 -3.42936e-05            1 -3.57628e-05
           0            0            0            1
 0.850356 -0.391153 -0.351986  0.223491
 0.431387  0.901251 0.0406403 0.0454796
 0.301332 -0.186401  0.935122 0.0374118
        0         0         0         1
