  0.972568  0.0145004   0.232167  -0.192072
-0.0104375   0.999771 -0.0187182  0.0424846
 -0.232385  0.0157814   0.972496 -0.0167019
         0          0          0          1
           1 -0.000174933 -0.000387082 -4.60395e-05
 0.000174822            1 -5.33662e-05  3.52859e-05
 0.000387093  5.32977e-05            1 -0.000190854
           0            0            0            1
 0.850334 -0.390312 -0.352972  0.223398
 0.430646  0.901614 0.0404632 0.0452906
 0.302451 -0.186413  0.934758 0.0373667
        0         0         0         1
