   0.972496   0.0137701    0.232514   -0.191824
-0.00931999    0.999752  -0.0202279     0.04235
  -0.232734   0.0175045    0.972383  -0.0171582
          0           0           0           1
    0.999999  -0.00105358 -0.000842208 -6.96094e-05
  0.00105248     0.999999   -0.0012449 -7.01249e-05
 0.000843523   0.00124401     0.999999 -0.000624776
           0            0            0            1
 0.850004 -0.390262  -0.35382  0.223137
 0.430372  0.901798 0.0392311 0.0452235
 0.303764 -0.185621   0.93449 0.0371969
        0         0         0         1
