           1  6.34417e-06 -2.65241e-06 -6.25849e-07
-6.26221e-06            1  8.80659e-06 -9.23872e-07
 2.65241e-06 -8.83639e-06            1  3.69549e-06
           0            0            0            1
 0.752319  0.446679  0.484247 -0.370342
-0.344215  0.893247  -0.28918  0.169241
-0.561723 0.0508705   0.82576 0.0958762
        0         0         0         1
 0.850728  0.429701  0.302687 -0.220647
-0.389382  0.902061 -0.186193 0.0532625
 -0.35305 0.0405384  0.934726  0.041875
        0         0         0         1
