  0.972265  0.0148256   0.233413  -0.191948
-0.0103866   0.999741 -0.0202362  0.0426009
 -0.233652  0.0172506   0.972167 -0.0168456
         0          0          0          1
           1  0.000125158  0.000129405 -0.000208601
-0.000124932            1  -0.00074271 -1.38581e-05
-0.000129497  0.000742693            1 -0.000452518
           0            0            0            1
 0.850677  -0.38955 -0.352988  0.223129
 0.429633  0.902125 0.0398203 0.0449883
 0.302927 -0.185529   0.93478 0.0371163
        0         0         0         1
