 0.752081  0.447742  0.483634 -0.370746
-0.345769  0.892765 -0.288817  0.169705
-0.561087 0.0499885  0.826246  0.096101
        0         0         0         1
 0.850423  0.430606  0.302258 -0.220825
-0.390308  0.901632 -0.186332 0.0534177
-0.352761 0.0404877  0.934838 0.0420629
        0         0         0         1
           1 -3.60981e-06  0.000182331 -8.04663e-06
 3.77372e-06            1  6.01858e-05 -8.10623e-06
-0.000182271 -6.02454e-05            1  6.57439e-05
           0            0            0            1
