  0.972315  0.0150893   0.233187  -0.192194
-0.0109452   0.999758 -0.0190556  0.0425625
 -0.233418  0.0159757   0.972245 -0.0163432
         0          0          0          1
           1 -0.000302321  0.000265023 -0.000157326
 0.000302282            1 -0.000448744  4.60148e-05
-0.000264883  0.000448825            1 -0.000185907
           0            0            0            1
 0.850929 -0.390611 -0.351203  0.223338
 0.430633  0.901614 0.0405989 0.0453025
 0.300791 -0.185786  0.935419 0.0373555
        0         0         0         1
