   0.972252   0.0139844    0.233518   -0.191861
-0.00976153    0.999767  -0.0192299   0.0425192
  -0.233732   0.0164168    0.972162   -0.016479
          0           0           0           1
           1 -0.000382259  0.000413233 -0.000191733
 0.000382321            1 -0.000348829  6.31809e-05
-0.000413101  0.000348986            1 -0.000164211
           0            0            0            1
 0.850527 -0.389935 -0.352923  0.223067
 0.430154   0.90186 0.0402099 0.0452541
 0.302608 -0.186011  0.934788  0.037423
        0         0         0         1
