   0.972622   0.0137368    0.231985   -0.191671
-0.00947757    0.999766   -0.019464   0.0424661
  -0.232198   0.0167325    0.972525  -0.0168132
          0           0           0           1
    0.999999 -0.000554422  -0.00108113  2.03578e-05
 0.000554039            1  -0.00021826  7.15852e-05
  0.00108126  0.000217659     0.999999 -3.58224e-05
           0            0            0            1
 0.849983 -0.389879 -0.354293  0.223214
 0.430347  0.901773 0.0400951 0.0453145
 0.303859 -0.186549  0.934275 0.0378017
        0         0         0         1
