  0.972515  0.0147842   0.232372  -0.192141
 -0.010735   0.999768 -0.0186809  0.0425353
 -0.232594   0.015673   0.972448 -0.0166291
         0          0          0          1
           1  0.000278869  8.06134e-05 -9.91873e-05
 -0.00027879            1 -7.36536e-05  6.84559e-05
-8.06302e-05  7.36304e-05            1 -0.000193655
           0            0            0            1
 0.850542 -0.390507 -0.352254  0.223479
 0.430745   0.90156 0.0405973 0.0452942
 0.301724 -0.186261  0.935024 0.0372559
        0         0         0         1
