   0.972631   0.0132906    0.231973   -0.191726
-0.00908864    0.999775  -0.0191739   0.0423689
  -0.232176   0.0165408    0.972533  -0.0167177
          0           0           0           1
    0.999998  -0.00129511  -0.00121807  -1.9832e-05
  0.00129466     0.999999 -0.000253809  5.76079e-05
   0.0012184   0.00025223     0.999999 -0.000111222
           0            0            0            1
 0.849672  -0.39062 -0.354222  0.223218
 0.431027   0.90146 0.0398143 0.0454331
 0.303764 -0.186508  0.934313 0.0377451
        0         0         0         1
