  0.972334  0.0146798   0.233132  -0.191805
-0.0103857   0.999753 -0.0196357  0.0426497
 -0.233363  0.0166713   0.972247 -0.0165842
         0          0          0          1
           1 -7.93042e-05  9.10386e-05 -4.66658e-05
 7.92844e-05            1 -0.000305992  5.99921e-05
-9.10163e-05  0.000306001            1 -0.000225306
           0            0            0            1
 0.850601 -0.389637 -0.353073  0.223223
 0.429912  0.901969 0.0403396  0.045135
 0.302743 -0.186103  0.934726 0.0374174
        0         0         0         1
