  0.75214  0.446846   0.48437 -0.370342
-0.344307  0.893165 -0.289325   0.16928
-0.561906 0.0508407  0.825638 0.0959426
        0         0         0         1
 0.850682  0.429849  0.302605 -0.220675
  -0.3895  0.901986 -0.186306 0.0533022
-0.353029 0.0406224   0.93473 0.0419241
        0         0         0         1
           1 -2.65986e-06  2.88486e-05  1.49012e-07
 2.53692e-06            1 -0.000336766 -9.44734e-06
-2.88188e-05  0.000336796            1 -8.74996e-05
           0            0            0            1
