 0.752044  0.447551  0.483868 -0.370716
-0.345479  0.892854 -0.288887  0.169641
-0.561315  0.050089  0.826085 0.0960816
        0         0         0         1
 0.850457  0.430441  0.302398 -0.220812
-0.390159  0.901714 -0.186248 0.0533777
-0.352845 0.0404132  0.934809 0.0420413
        0         0         0         1
           1 -3.50177e-07   -1.055e-05  -6.0156e-05
 2.79397e-07            1  6.54757e-05 -9.83477e-06
   1.055e-05 -6.54757e-05            1   3.5882e-05
           0            0            0            1
