    0.97247   0.0139281    0.232609   -0.191971
-0.00981847    0.999775  -0.0188169   0.0424751
  -0.232819   0.0160151    0.972388  -0.0165387
          0           0           0           1
           1 -0.000220421  9.92417e-05  -3.3448e-05
 0.000220619            1   -2.883e-05  4.10378e-05
-9.92399e-05  2.88542e-05            1 -4.10676e-05
           0            0            0            1
 0.850375 -0.390236 -0.352955  0.223278
 0.430547  0.901662 0.0404189 0.0453233
 0.302473 -0.186335  0.934767 0.0373941
        0         0         0         1
