  0.972329  0.0153364    0.23311  -0.191994
-0.0112954   0.999762 -0.0186599   0.042687
 -0.233341  0.0155105   0.972271 -0.0164464
         0          0          0          1
           1  0.000143285  9.74704e-05 -6.69993e-05
-0.000143062            1  0.000442104   0.00018543
-9.74145e-05 -0.000442117            1 -0.000117421
           0            0            0            1
 0.850858  -0.38998 -0.352074  0.223375
 0.430328  0.901734 0.0411569 0.0453051
 0.301427 -0.186526  0.935067 0.0374031
        0         0         0         1
