   0.972588   0.0140502    0.232112   -0.191733
-0.00979579    0.999762  -0.0194714   0.0425171
   -0.23233   0.0166639    0.972494  -0.0168006
          0           0           0           1
    0.999999 -0.000272091  -0.00115198 -9.01646e-05
 0.000271781            1 -0.000144332  4.40478e-05
  0.00115202  0.000144015     0.999999 -9.75728e-05
           0            0            0            1
 0.850126 -0.389584 -0.354275  0.223156
 0.430128  0.901863 0.0403973 0.0452166
 0.303769 -0.186726  0.934268 0.0378072
        0         0         0         1
