 0.752369  0.447311  0.483584 -0.370647
-0.345338  0.892967 -0.288705   0.16957
-0.560966 0.0502126  0.826315   0.09598
        0         0         0         1
  0.85051  0.430533  0.302114 -0.220794
-0.390183  0.901655 -0.186479 0.0533957
-0.352688 0.0407228  0.934854 0.0418949
        0         0         0         1
           1 -8.11964e-05  0.000102073  5.60805e-05
   8.123e-05            1 -7.29412e-05 -1.37687e-05
-0.000102073  7.29412e-05            1 -3.73125e-05
           0            0            0            1
