 0.752271  0.447494  0.483568 -0.370713
-0.345596  0.892887 -0.288645  0.169635
-0.560938 0.0500198  0.826345 0.0960079
        0         0         0         1
 0.850528  0.430536   0.30206 -0.220835
-0.390199  0.901655 -0.186451 0.0533783
-0.352628 0.0407184  0.934877 0.0419147
        0         0         0         1
           1 -1.52066e-05  6.65486e-05 -1.74642e-05
   1.527e-05            1 -1.52737e-05 -2.91765e-05
-6.65486e-05  1.52886e-05            1 -2.68221e-06
           0            0            0            1
