 0.752319  0.447512  0.483476 -0.370752
-0.345537  0.892868 -0.288774  0.169673
 -0.56091 0.0501917  0.826354 0.0959845
        0         0         0         1
 0.850552   0.43055  0.301973 -0.220822
-0.390241  0.901649 -0.186392 0.0534146
-0.352525 0.0406939  0.934918 0.0419088
        0         0         0         1
           1  0.000140887  6.97374e-06 -1.70544e-05
-0.000140857            1 -5.17517e-05  2.33948e-05
-6.97374e-06  5.17368e-05            1 -1.09076e-05
           0            0            0            1
