 0.752168  0.447551  0.483675 -0.370721
-0.345554  0.892854 -0.288797  0.169642
-0.561103 0.0500879  0.826229 0.0960245
        0         0         0         1
 0.850496  0.430554  0.302124 -0.220831
-0.390199  0.901645 -0.186494 0.0534053
-0.352705 0.0407243  0.934848 0.0419041
        0         0         0         1
           1 -0.000107564  8.10027e-05  4.03523e-05
 0.000107467            1 -0.000122562 -1.44839e-05
-8.11219e-05  0.000122607            1  -4.8399e-05
           0            0            0            1
