 0.752277  0.447552  0.483505 -0.370717
-0.345603  0.892853 -0.288744  0.169684
-0.560926 0.0501143  0.826348  0.095994
        0         0         0         1
 0.850541  0.430589  0.301948 -0.220826
 -0.39026  0.901628 -0.186454 0.0534292
 -0.35253 0.0407484  0.934913  0.041891
        0         0         0         1
           1  0.000108242  7.65622e-05 -2.05487e-05
-0.000108108            1 -7.30008e-05  1.18613e-05
-7.65622e-05  7.29859e-05            1 -5.90086e-05
           0            0            0            1
