 0.752256  0.447456  0.483626 -0.370766
-0.345442  0.892896 -0.288801  0.169623
-0.561053 0.0501873  0.826257 0.0959963
        0         0         0         1
 0.850558  0.430526  0.301991 -0.220827
-0.390198  0.901659 -0.186434 0.0533635
-0.352557 0.0407366  0.934903 0.0418795
        0         0         0         1
           1 -4.68083e-05  1.33514e-05 -4.05014e-05
 4.65699e-05            1   5.2914e-05 -1.80304e-05
-1.33812e-05 -5.28842e-05            1  1.62125e-05
           0            0            0            1
