 0.752216  0.447659  0.483501 -0.370744
-0.345588   0.89279 -0.288953  0.169651
-0.561017 0.0502626  0.826277 0.0959478
        0         0         0         1
  0.85055  0.430494  0.302059   -0.2208
-0.390136  0.901671 -0.186502 0.0533696
-0.352646 0.0407849  0.934868 0.0418835
        0         0         0         1
           1 -9.11579e-06 -2.96533e-05  2.00346e-05
 8.88854e-06            1 -0.000109524  -1.9908e-05
 2.95639e-05  0.000109583            1 -3.46303e-05
           0            0            0            1
