 0.752309  0.447426  0.483571 -0.370685
-0.345489  0.892916 -0.288684  0.169607
-0.560953 0.0501116   0.82633  0.096005
        0         0         0         1
 0.850534   0.43049  0.302109 -0.220817
-0.390185  0.901681 -0.186351 0.0534002
-0.352628 0.0406191  0.934882 0.0419557
        0         0         0         1
           1  3.94955e-05  8.49664e-05 -3.93391e-06
-3.92534e-05            1 -3.95179e-05  4.26173e-06
-8.49366e-05  3.94434e-05            1  -2.0504e-05
           0            0            0            1
