 0.752307    0.4475  0.483506 -0.370733
-0.345584   0.89288 -0.288681   0.16964
-0.560898 0.0500847  0.826368 0.0960292
        0         0         0         1
 0.850505  0.430591   0.30205 -0.220841
-0.390322  0.901637 -0.186278 0.0534224
-0.352549 0.0405338  0.934915 0.0419963
        0         0         0         1
           1  3.08752e-05 -2.23219e-05  6.21378e-06
-3.07485e-05            1  0.000114053 -4.23193e-06
 2.23219e-05 -0.000114068            1  6.61612e-05
           0            0            0            1
