 0.752349  0.447362  0.483568 -0.370718
-0.345398  0.892944 -0.288708  0.169567
-0.560956 0.0501853  0.826323 0.0959945
        0         0         0         1
 0.850632  0.430403  0.301959 -0.220788
-0.390032   0.90171 -0.186532  0.053363
-0.352564 0.0408963  0.934894 0.0418132
        0         0         0         1
           1  -0.00022829 -8.21948e-05  5.31822e-05
 0.000228181            1 -0.000109568 -1.60336e-05
 8.22842e-05  0.000109538            1 -1.80602e-05
           0            0            0            1
