 0.752168  0.447722  0.483518 -0.370741
-0.345785  0.892773  -0.28877  0.169686
 -0.56096   0.05001  0.826331 0.0960088
        0         0         0         1
 0.850445  0.430712  0.302044 -0.220852
-0.390336  0.901568 -0.186583 0.0534308
-0.352677   0.04078  0.934856  0.041897
        0         0         0         1
           1  6.83554e-05  7.83801e-05  3.94881e-06
 -6.8482e-05            1  6.30319e-05 -1.02818e-05
-7.84993e-05 -6.30319e-05            1  2.72989e-05
           0            0            0            1
