 0.752222  0.447579  0.483565 -0.370728
-0.345716   0.89285 -0.288618   0.16968
 -0.56093 0.0499282  0.826356 0.0960175
        0         0         0         1
 0.850474  0.430697  0.301984 -0.220912
-0.390362  0.901578  -0.18648 0.0534437
-0.352578 0.0407131  0.934896 0.0418881
        0         0         0         1
           1 -6.85491e-05 -6.15716e-05  1.72481e-05
 6.85453e-05            1 -1.11014e-05  1.19209e-06
 6.16014e-05  1.11014e-05            1  1.01924e-05
           0            0            0            1
