 0.752272  0.447531  0.483533 -0.370712
-0.345659  0.892871  -0.28862  0.169693
-0.560898 0.0499831  0.826374 0.0960163
        0         0         0         1
 0.850551  0.430592  0.301918 -0.220843
-0.390266  0.901626 -0.186449 0.0534187
  -0.3525 0.0407558  0.934924 0.0418912
        0         0         0         1
           1  1.51917e-05 -2.83122e-06 -2.26647e-05
-1.51172e-05            1  3.89516e-05  3.96371e-06
 2.83122e-06 -3.89069e-05            1  2.18153e-05
           0            0            0            1
