 0.752159  0.447741  0.483514 -0.370768
-0.345734  0.892758  -0.28888  0.169715
-0.561004 0.0501162  0.826295  0.095991
        0         0         0         1
  0.85044  0.430744  0.302012 -0.220899
-0.390378  0.901553 -0.186568 0.0534543
-0.352642 0.0407658   0.93487 0.0418627
        0         0         0         1
           1  9.45888e-05 -4.51207e-05 -7.44164e-05
-9.48198e-05            1  6.51181e-06  2.38419e-06
 4.50611e-05  -6.4671e-06            1  4.76837e-07
           0            0            0            1
