 0.752264  0.447611   0.48347 -0.370769
-0.345682  0.892825 -0.288734  0.169652
-0.560895  0.050078  0.826371 0.0960104
        0         0         0         1
  0.85056  0.430537  0.301969 -0.220854
-0.390158  0.901647 -0.186575  0.053382
-0.352597 0.0408771  0.934882 0.0418578
        0         0         0         1
           1  -2.9657e-05 -4.02331e-06 -2.02954e-05
 2.95341e-05            1  8.27163e-05  8.70228e-06
 4.02331e-06 -8.27312e-05            1   2.2769e-05
           0            0            0            1
