 0.752226  0.447583  0.483555 -0.370718
-0.345558  0.892832 -0.288859  0.169635
-0.561022 0.0501909  0.826278 0.0959955
        0         0         0         1
 0.850534  0.430488  0.302111 -0.220755
-0.390157  0.901679 -0.186421 0.0533589
 -0.35266 0.0406868  0.934866 0.0419338
        0         0         0         1
           1 -0.000124037  2.98023e-08  8.47653e-05
 0.000123989            1 -0.000169173 -4.14252e-06
-5.96046e-08  0.000169188            1 -5.34654e-05
           0            0            0            1
