 0.752109  0.447649  0.483676 -0.370754
-0.345824  0.892823  -0.28857  0.169694
-0.561015  0.049769  0.826308 0.0961069
        0         0         0         1
 0.850461  0.430717  0.301992 -0.220891
-0.390411  0.901572 -0.186407 0.0534288
-0.352556 0.0406305  0.934908 0.0419484
        0         0         0         1
           1  8.86805e-05  4.21405e-05 -5.66542e-05
-8.85725e-05            1  0.000319675 -2.07126e-05
-4.21107e-05 -0.000319645            1  0.000119328
           0            0            0            1
