 0.752426  0.447273  0.483531 -0.370666
-0.345323  0.892987 -0.288664  0.169591
-0.560898 0.0502238   0.82636 0.0959588
        0         0         0         1
 0.850645   0.43034   0.30201 -0.220731
-0.390033  0.901748 -0.186346 0.0533922
-0.352529 0.0407201  0.934914 0.0419191
        0         0         0         1
           1  6.53826e-05  5.19156e-05   9.5889e-06
-6.55092e-05            1  1.78218e-05  2.38717e-05
-5.18858e-05 -1.77622e-05            1  4.35114e-06
           0            0            0            1
