 0.752192  0.447673  0.483525 -0.370744
-0.345667  0.892791 -0.288858  0.169693
-0.561001 0.0501377  0.826296 0.0959584
        0         0         0         1
 0.850529   0.43055   0.30204 -0.220803
 -0.39024  0.901651 -0.186384 0.0534154
-0.352582 0.0406572  0.934897 0.0419112
        0         0         0         1
           1  3.22573e-05 -1.51396e-05 -2.59131e-05
-3.21232e-05            1  9.27597e-05  2.49147e-05
 1.51396e-05 -9.27895e-05            1  5.96046e-06
           0            0            0            1
