 0.752428  0.447361  0.483447 -0.370691
-0.345481  0.892948 -0.288595  0.169668
-0.560799 0.0501257  0.826433 0.0959827
        0         0         0         1
  0.85063  0.430491  0.301837 -0.220801
-0.390144  0.901668 -0.186499 0.0534123
-0.352443 0.0408821   0.93494 0.0418792
        0         0         0         1
           1    2.563e-05 -0.000145972 -8.88854e-06
-2.55071e-05            1  0.000178531   2.0653e-05
 0.000145972 -0.000178561            1  8.98242e-05
           0            0            0            1
