 0.752339  0.447402  0.483547 -0.370672
-0.345466  0.892927 -0.288678  0.169599
-0.560927 0.0501345  0.826346 0.0959933
        0         0         0         1
 0.850521  0.430532  0.302087 -0.220794
-0.390194  0.901657  -0.18645 0.0533836
-0.352651 0.0407071  0.934869 0.0419262
        0         0         0         1
           1 -7.04378e-05  7.50721e-05   2.3447e-05
 7.04192e-05            1  8.22693e-05  1.57058e-05
-7.50721e-05 -8.22395e-05            1  4.17233e-06
           0            0            0            1
