 0.752206  0.447639  0.483534 -0.370756
-0.345759  0.892818 -0.288662  0.169683
-0.560924 0.0499473  0.826359 0.0960501
        0         0         0         1
 0.850468  0.430638  0.302084 -0.220839
-0.390277  0.901605 -0.186528 0.0534013
-0.352686 0.0407396  0.934854 0.0418873
        0         0         0         1
           1  0.000114307   3.8594e-05 -2.67252e-05
-0.000114441            1  0.000217497 -1.29342e-05
-3.85344e-05 -0.000217497            1  8.28505e-05
           0            0            0            1
