 0.752228  0.447565  0.483569 -0.370738
-0.345508  0.892839   -0.2889   0.16968
-0.561051 0.0502417  0.826256 0.0959742
        0         0         0         1
 0.850462  0.430755  0.301935 -0.220867
-0.390299  0.901536 -0.186817 0.0534247
-0.352677 0.0410361  0.934845  0.041793
        0         0         0         1
           1 -6.47269e-05  -0.00015074  -3.8445e-06
 6.46561e-05            1 -0.000113472  2.27094e-05
 0.000150621  0.000113517            1 -1.72853e-05
           0            0            0            1
