 0.752336  0.447327  0.483622 -0.370703
-0.345388  0.892965 -0.288654  0.169562
 -0.56098 0.0501271  0.826311 0.0960032
        0         0         0         1
 0.850518  0.430576  0.302034 -0.220812
-0.390206  0.901631 -0.186547 0.0533742
-0.352646 0.0408065  0.934867 0.0418501
        0         0         0         1
           1  2.45459e-05  3.97563e-05 -2.25902e-05
-2.47583e-05            1 -6.25849e-05 -2.50638e-05
-3.98159e-05  6.26147e-05            1 -4.11272e-06
           0            0            0            1
