 0.752197  0.447519  0.483659 -0.370703
 -0.34556  0.892872 -0.288735    0.1696
 -0.56106 0.0500523   0.82626 0.0960364
        0         0         0         1
 0.850526  0.430502  0.302114 -0.220818
-0.390134  0.901668 -0.186521  0.053369
-0.352704 0.0407761  0.934846 0.0418622
        0         0         0         1
           1 -0.000172127  0.000196517  5.23254e-05
 0.000171684            1  1.81794e-06 -3.66569e-05
-0.000196666 -1.69873e-06            1 -1.24574e-05
           0            0            0            1
