 0.752166  0.447487  0.483738 -0.370721
-0.345467  0.892885 -0.288805  0.169614
-0.561158 0.0501134   0.82619 0.0960254
        0         0         0         1
 0.850514   0.43056  0.302066 -0.220811
-0.390151  0.901635 -0.186646 0.0534033
-0.352716 0.0408936  0.934837 0.0418028
        0         0         0         1
           1 -3.90299e-05  0.000125408 -9.89437e-06
 3.89293e-05            1  4.39584e-05  3.46005e-05
-0.000125408 -4.39584e-05            1 -4.81606e-05
           0            0            0            1
