 0.752157  0.447496  0.483743 -0.370674
-0.345574   0.89289 -0.288663  0.169664
-0.561105  0.049951  0.826236 0.0960529
        0         0         0         1
 0.850475  0.430641   0.30206 -0.220834
-0.390262  0.901601  -0.18658 0.0534154
-0.352686 0.0407994  0.934852 0.0418691
        0         0         0         1
           1  0.000209466   6.4671e-05 -5.30854e-05
-0.000209436            1   8.1256e-05 -1.87457e-05
-6.46114e-05 -8.13454e-05            1  3.56436e-05
           0            0            0            1
