 0.752295  0.447498  0.483526 -0.370708
-0.345542  0.892878 -0.288737  0.169624
-0.560939 0.0501368  0.826337 0.0959858
        0         0         0         1
 0.850505  0.430622  0.302003 -0.220847
-0.390226  0.901606  -0.18663 0.0534111
-0.352655 0.0408806   0.93486 0.0418853
        0         0         0         1
           1  7.60518e-05  5.25415e-05 -4.55305e-05
 -7.5873e-05            1  -0.00024116 -4.85778e-06
-5.25415e-05  0.000241101            1 -0.000105679
           0            0            0            1
