 0.752165  0.447598  0.483636 -0.370718
 -0.34571  0.892841 -0.288652    0.1697
 -0.56101 0.0499163  0.826303 0.0960581
        0         0         0         1
 0.850465  0.430715  0.301983 -0.220869
-0.390396  0.901571 -0.186442 0.0534518
-0.352562 0.0406696  0.934904 0.0419323
        0         0         0         1
           1  0.000124484  4.82202e-05 -3.41088e-05
-0.000124764            1  0.000122115 -2.43485e-05
  -4.825e-05 -0.000122085            1  4.17829e-05
           0            0            0            1
