 0.752321  0.447368  0.483606 -0.370678
-0.345517  0.892952 -0.288538  0.169637
 -0.56092 0.0499789   0.82636 0.0960234
        0         0         0         1
 0.850603  0.430456  0.301966 -0.220793
 -0.39014  0.901692 -0.186392 0.0533859
-0.352514  0.040736   0.93492 0.0418946
        0         0         0         1
           1 -8.78759e-05 -7.90954e-05  5.07683e-05
 8.77567e-05            1  0.000106961  2.38419e-06
 7.90954e-05 -0.000106975            1  5.33462e-05
           0            0            0            1
