 0.752272  0.447562  0.483502 -0.370726
-0.345665  0.892852 -0.288671  0.169654
-0.560894 0.0500298  0.826374 0.0960246
        0         0         0         1
 0.850545  0.430528  0.302023 -0.220779
-0.390216   0.90166  -0.18639 0.0533975
-0.352569 0.0406791  0.934901 0.0419188
        0         0         0         1
           1 -0.000154905 -9.11057e-05  5.31301e-05
 0.000154659            1  4.38392e-05  1.58548e-05
 9.09567e-05 -4.37945e-05            1  4.99487e-05
           0            0            0            1
