 0.752317  0.447471  0.483518  -0.37072
-0.345488  0.892888  -0.28877  0.169616
-0.560944  0.050197  0.826331 0.0959231
        0         0         0         1
 0.850627  0.430402  0.301973 -0.220754
-0.390039  0.901712 -0.186508 0.0533677
-0.352566 0.0408675  0.934894 0.0418197
        0         0         0         1
           1 -0.000107817  1.35303e-05  3.01152e-05
 0.000107363            1 -0.000110328  1.11759e-05
-1.35303e-05  0.000110433            1 -5.50151e-05
           0            0            0            1
