 0.752264  0.447455  0.483615 -0.370694
-0.345645  0.892915   -0.2885  0.169648
-0.560918 0.0498686  0.826368 0.0960427
        0         0         0         1
 0.850538  0.430535  0.302034 -0.220795
 -0.39029  0.901665 -0.186207  0.053369
-0.352503 0.0404951  0.934934 0.0419664
        0         0         0         1
           1  6.40154e-05 -2.12491e-05   -2.639e-05
-6.40973e-05            1  0.000162005 -1.97291e-05
 2.12193e-05  -0.00016202            1  6.13928e-05
           0            0            0            1
