 0.752245   0.44755  0.483556 -0.370712
-0.345612  0.892856 -0.288721  0.169672
-0.560963  0.050066  0.826326 0.0960385
        0         0         0         1
 0.850494   0.43069  0.301938  -0.22086
-0.390309  0.901574 -0.186607 0.0534482
-0.352589 0.0408588  0.934886 0.0418843
        0         0         0         1
           1 -7.62828e-05 -4.38094e-05  2.28658e-05
 7.61934e-05            1   -7.388e-05  1.28448e-05
 4.38094e-05  7.38949e-05            1 -2.33054e-05
           0            0            0            1
