 0.752223  0.447552  0.483589 -0.370744
-0.345506  0.892847 -0.288876  0.169593
-0.561058 0.0502165  0.826253 0.0960079
        0         0         0         1
   0.8506   0.43053  0.301868 -0.220824
-0.390083   0.90164 -0.186764 0.0533524
-0.352583 0.0411079  0.934877 0.0418282
        0         0         0         1
           1 -6.65709e-06 -6.02007e-05  1.85519e-06
 6.65337e-06            1 -0.000158504 -2.64645e-05
 6.02007e-05  0.000158489            1 -1.37687e-05
           0            0            0            1
