  0.75229  0.447612  0.483429 -0.370731
-0.345581  0.892814 -0.288888  0.169649
-0.560922  0.050264  0.826342  0.095957
        0         0         0         1
 0.850491  0.430608  0.302063 -0.220836
-0.390173   0.90161 -0.186723 0.0533736
-0.352748 0.0409494  0.934822 0.0418137
        0         0         0         1
           1  0.000120826 -0.000111073 -3.08678e-05
-0.000120752            1 -0.000143141  1.15633e-05
 0.000111073  0.000143155            1 -4.39882e-05
           0            0            0            1
