 0.752189  0.447479  0.483709 -0.370697
-0.345473  0.892889 -0.288785   0.16963
-0.561124 0.0501123  0.826213 0.0960279
        0         0         0         1
 0.850503   0.43054  0.302125 -0.220803
-0.390181  0.901652 -0.186502 0.0533777
-0.352708 0.0407364  0.934846 0.0418849
        0         0         0         1
           1 -0.000137284  5.81145e-05  4.86076e-05
 0.000137411            1 -9.96143e-05  1.99676e-05
-5.81443e-05  9.95994e-05            1 -6.44922e-05
           0            0            0            1
