 0.752319  0.447351  0.483625 -0.370714
-0.345295  0.892943 -0.288833  0.169603
-0.561059 0.0503011  0.826246 0.0959845
        0         0         0         1
 0.850592  0.430439  0.302022 -0.220807
 -0.39007  0.901695 -0.186523 0.0533735
-0.352618 0.0408451  0.934876 0.0418709
        0         0         0         1
           1  8.86619e-05 -9.58741e-05 -5.84573e-05
-8.85129e-05            1 -0.000105843 -2.18153e-05
 9.59337e-05  0.000105813            1  1.19209e-07
           0            0            0            1
