 0.752206  0.447467  0.483693  -0.37071
-0.345513  0.892899 -0.288707  0.169641
-0.561076 0.0500452   0.82625 0.0960194
        0         0         0         1
 0.850509  0.430546    0.3021 -0.220771
 -0.39016  0.901645 -0.186577 0.0534047
-0.352717 0.0408179   0.93484 0.0418692
        0         0         0         1
           1   6.4224e-06  0.000132859  1.45808e-05
-6.02752e-06            1  3.01152e-05  3.35872e-05
 -0.00013271 -3.02494e-05            1 -1.35899e-05
           0            0            0            1
