  0.75228  0.447478  0.483568  -0.37069
-0.345485  0.892886 -0.288781  0.169623
-0.560995  0.050179  0.826297  0.095966
        0         0         0         1
  0.85043  0.430762  0.302016 -0.220859
-0.390342  0.901538 -0.186714 0.0534212
-0.352708 0.0408976  0.934839 0.0418341
        0         0         0         1
           1 -5.11855e-05   -4.372e-05  2.35885e-05
 5.11818e-05            1   4.2662e-05 -1.96695e-06
 4.36902e-05  -4.2662e-05            1  4.55379e-05
           0            0            0            1
