  0.75217  0.447743  0.483495 -0.370763
-0.345782  0.892761 -0.288814  0.169726
-0.560959 0.0500531  0.826329 0.0960183
        0         0         0         1
 0.850498  0.430673  0.301949 -0.220809
 -0.39036  0.901591 -0.186423 0.0534629
-0.352522 0.0406832  0.934919 0.0419231
        0         0         0         1
           1 -1.83284e-06 -3.76999e-05  1.92598e-05
 1.90362e-06            1 -3.91901e-06  2.82824e-05
 3.77595e-05   3.8743e-06            1  1.86563e-05
           0            0            0            1
