  0.75245   0.44741  0.483366 -0.370726
-0.345449  0.892914 -0.288737  0.169585
-0.560788 0.0502818  0.826431 0.0959293
        0         0         0         1
 0.850599  0.430481  0.301939 -0.220793
-0.390134  0.901676 -0.186484 0.0533867
-0.352529 0.0408258   0.93491 0.0418465
        0         0         0         1
           1  -0.00027613 -7.48932e-05  0.000108555
 0.000276338            1 -3.03984e-05  2.11596e-06
  7.4923e-05  3.02792e-05            1 -8.10623e-06
           0            0            0            1
