 0.752174  0.447585  0.483635 -0.370734
-0.345743  0.892851 -0.288582  0.169685
-0.560978 0.0498505  0.826328 0.0960694
        0         0         0         1
 0.850465  0.430617  0.302124 -0.220793
-0.390343  0.901626 -0.186288 0.0534173
-0.352621 0.0404998  0.934889  0.041979
        0         0         0         1
           1  2.01538e-06  6.41644e-05  1.90735e-05
-1.78441e-06            1  0.000409186 -6.85453e-07
-6.41644e-05 -0.000409231            1  0.000146687
           0            0            0            1
