 0.752335  0.447529  0.483435 -0.370713
-0.345564   0.89286 -0.288769  0.169632
-0.560872 0.0501934  0.826379 0.0959447
        0         0         0         1
  0.85042  0.430804  0.301983  -0.22086
 -0.39044  0.901524 -0.186575  0.053434
-0.352622 0.0407609  0.934878 0.0418689
        0         0         0         1
           1 -6.85081e-05 -2.68221e-06  4.55305e-05
 6.87577e-05            1 -1.96695e-06  1.02818e-05
 2.68221e-06  1.95205e-06            1 -3.14713e-05
           0            0            0            1
