 0.752216  0.447632  0.483525 -0.370735
-0.345706  0.892817  -0.28873  0.169647
-0.560944 0.0500295   0.82634  0.096041
        0         0         0         1
 0.850532  0.430626  0.301922 -0.220816
-0.390285  0.901609 -0.186491 0.0533958
-0.352524  0.040781  0.934914 0.0418943
        0         0         0         1
           1  3.94247e-05 -6.41346e-05 -3.44217e-06
-3.93949e-05            1  3.46005e-05 -7.83801e-06
 6.41942e-05 -3.46303e-05            1  2.70009e-05
           0            0            0            1
