 0.752235  0.447673  0.483459 -0.370766
-0.345722  0.892793 -0.288785  0.169676
 -0.56091 0.0500916   0.82636  0.096001
        0         0         0         1
 0.850399  0.430829  0.302006  -0.22089
-0.390502  0.901518 -0.186477 0.0534597
-0.352603 0.0406454   0.93489 0.0419154
        0         0         0         1
           1   4.4208e-05 -3.07858e-05  -2.4721e-05
-4.41447e-05            1  4.02331e-06  9.56655e-06
 3.08156e-05 -4.02331e-06            1 -2.21729e-05
           0            0            0            1
