 0.752203  0.447664  0.483517 -0.370766
-0.345499   0.89278 -0.289091  0.169668
-0.561089 0.0503999  0.826219 0.0959226
        0         0         0         1
 0.850566  0.430521  0.301975 -0.220817
  -0.3901  0.901649 -0.186683 0.0533973
-0.352646 0.0409858  0.934859 0.0418126
        0         0         0         1
           1 -0.000152539  -1.3411e-05  5.86063e-05
 0.000152715            1 -0.000248298 -4.79817e-06
 1.35005e-05  0.000248253            1  -6.9797e-05
           0            0            0            1
