 0.752249  0.447573  0.483529 -0.370731
-0.345652  0.892846 -0.288705  0.169638
-0.560933  0.050045  0.826347 0.0960522
        0         0         0         1
 0.850523  0.430579  0.302014 -0.220826
-0.390223  0.901631 -0.186514 0.0534041
-0.352615 0.0407819  0.934879 0.0418805
        0         0         0         1
           1 -8.89599e-05 -4.25279e-05  6.80014e-05
 8.90233e-05            1 -5.02169e-06  1.61827e-05
 4.25875e-05  5.00679e-06            1  7.51019e-06
           0            0            0            1
