 0.752233  0.447665  0.483468 -0.370768
 -0.34567  0.892793 -0.288848  0.169662
-0.560944 0.0501609  0.826332 0.0959826
        0         0         0         1
 0.850497  0.430653  0.301981 -0.220871
-0.390292  0.901595 -0.186541  0.053421
  -0.3526 0.0407918  0.934885 0.0418826
        0         0         0         1
           1  8.58679e-06  4.32134e-05  1.14739e-05
-8.91089e-06            1   7.6741e-06    1.055e-05
-4.32432e-05 -7.58469e-06            1   2.5034e-05
           0            0            0            1
