 0.752349  0.447428  0.483508 -0.370756
 -0.34542  0.892906 -0.288797  0.169587
-0.560943 0.0502627  0.826328 0.0959903
        0         0         0         1
 0.850544  0.430546  0.302003 -0.220828
-0.390163  0.901643 -0.186581  0.053368
-0.352631 0.0408651   0.93487 0.0418466
        0         0         0         1
           1 -0.000129893  8.06451e-05 -1.90735e-05
 0.000130013            1 -9.03606e-05 -5.10812e-05
-8.06749e-05  9.03159e-05            1 -3.18289e-05
           0            0            0            1
