 0.752173  0.447635  0.483589 -0.370758
-0.345703  0.892818 -0.288732  0.169663
-0.561003 0.0499988  0.826302 0.0960635
        0         0         0         1
 0.850453  0.430646  0.302116  -0.22088
-0.390319  0.901606 -0.186436 0.0533803
-0.352677 0.0406336  0.934862  0.041936
        0         0         0         1
           1   5.9545e-05  0.000187993 -7.28145e-05
-5.96717e-05            1 -4.50462e-05 -1.72853e-05
-0.000187993   4.5076e-05            1 -3.60012e-05
           0            0            0            1
