 0.752246  0.447675  0.483438 -0.370797
-0.345585  0.892779 -0.288993  0.169691
-0.560978 0.0503248    0.8263 0.0959235
        0         0         0         1
   0.8505  0.430642  0.301988 -0.220871
-0.390284  0.901601 -0.186531 0.0534109
-0.352601 0.0407834  0.934885 0.0418818
        0         0         0         1
           1  0.000126328 -5.31375e-05 -0.000105016
-0.000126112            1 -4.91738e-06  1.08778e-05
 5.31375e-05  4.85778e-06            1 -4.81606e-05
           0            0            0            1
