 0.752083  0.447736  0.483636  -0.37077
-0.345735  0.892765 -0.288857  0.169734
-0.561105  0.050034  0.826231  0.096044
        0         0         0         1
 0.850456  0.430685  0.302051 -0.220853
-0.390346  0.901585 -0.186481 0.0534413
-0.352639 0.0406898  0.934874 0.0419042
        0         0         0         1
           1  0.000123344 -4.54187e-05 -6.91712e-05
-0.000123531            1 -1.49012e-08 -3.27826e-07
 4.53293e-05  7.45058e-08            1  1.18613e-05
           0            0            0            1
