 0.752151  0.447692   0.48357 -0.370749
 -0.34572  0.892786 -0.288809  0.169696
-0.561022  0.050048  0.826287 0.0960397
        0         0         0         1
 0.850428  0.430777  0.301998   -0.2209
-0.390351   0.90153 -0.186733 0.0534261
-0.352701 0.0409175  0.934841 0.0418449
        0         0         0         1
           1  6.07818e-05  6.56247e-05 -5.16325e-06
-6.08042e-05            1  0.000147998 -2.21133e-05
-6.55353e-05 -0.000147998            1  6.22869e-05
           0            0            0            1
