 0.752197  0.447706  0.483486 -0.370802
-0.345763  0.892779 -0.288779  0.169702
-0.560934 0.0500468  0.826346 0.0960012
        0         0         0         1
 0.850519  0.430567  0.302044  -0.22086
 -0.39027  0.901644 -0.186352   0.05339
-0.352573  0.040617  0.934903 0.0419701
        0         0         0         1
           1 -0.000148702 -4.87864e-05  2.44528e-05
 0.000148661            1  0.000102401  1.19507e-05
 4.88162e-05 -0.000102356            1  6.83665e-05
           0            0            0            1
