 0.752231  0.447561  0.483568 -0.370726
-0.345555  0.892845 -0.288823  0.169648
-0.561017 0.0501627  0.826283 0.0959509
        0         0         0         1
 0.850571  0.430528  0.301953 -0.220812
-0.390129  0.901648 -0.186626 0.0533786
-0.352603 0.0409377  0.934877 0.0418216
        0         0         0         1
           1 -3.88697e-05  1.90735e-05   1.8768e-05
 3.89144e-05            1 -0.000154525 -1.20103e-05
-1.90437e-05   0.00015451            1 -8.17776e-05
           0            0            0            1
