  0.75229  0.447461  0.483569  -0.37067
 -0.34555  0.892902 -0.288655  0.169625
-0.560941 0.0500552  0.826341 0.0959893
        0         0         0         1
 0.850512  0.430542  0.302096  -0.22079
-0.390258  0.901659 -0.186308 0.0533811
-0.352601 0.0405619  0.934894 0.0419457
        0         0         0         1
           1  1.18203e-05  0.000124216 -7.24196e-06
-1.17384e-05            1  8.41022e-05 -1.51098e-05
-0.000124156 -8.41022e-05            1 -1.22786e-05
           0            0            0            1
