 0.752388  0.447483  0.483396 -0.370721
 -0.34555  0.892883 -0.288712  0.169613
 -0.56081 0.0501864  0.826423 0.0959938
        0         0         0         1
 0.850441  0.430684  0.302094 -0.220869
-0.390309  0.901582 -0.186572 0.0533994
-0.352716 0.0407583  0.934843 0.0418919
        0         0         0         1
           1  6.06105e-05 -5.06043e-05 -4.58285e-05
-6.04987e-05            1 -0.000157386  -2.2769e-05
 5.06639e-05  0.000157371            1 -3.96967e-05
           0            0            0            1
