 0.752213  0.447579  0.483579 -0.370686
 -0.34551  0.892831  -0.28892  0.169653
-0.561069 0.0502479  0.826242 0.0960248
        0         0         0         1
  0.85051  0.430496  0.302168 -0.220757
-0.390149  0.901675 -0.186456 0.0533531
-0.352726 0.0406922  0.934841 0.0419363
        0         0         0         1
           1 -0.000129655  4.57764e-05  8.46013e-05
  0.00012961            1 -9.41604e-05 -4.70877e-06
-4.57466e-05  9.41902e-05            1  1.97291e-05
           0            0            0            1
