  0.75231  0.447541  0.483462 -0.370708
-0.345483  0.892846 -0.288906  0.169664
-0.560955 0.0503189  0.826316 0.0959654
        0         0         0         1
 0.850642  0.430435  0.301883 -0.220734
-0.390054  0.901692 -0.186574  0.053389
-0.352513 0.0409573   0.93491 0.0418742
        0         0         0         1
           1  9.64515e-05  4.15146e-05 -1.77473e-05
-9.64105e-05            1 -7.09593e-05  2.64347e-05
-4.15444e-05  7.09593e-05            1  4.35114e-06
           0            0            0            1
