  0.75227   0.44756  0.483508 -0.370707
 -0.34557  0.892845 -0.288806  0.169666
-0.560956 0.0501746  0.826324 0.0960131
        0         0         0         1
 0.850473  0.430762  0.301893 -0.220855
-0.390278  0.901528 -0.186896 0.0534211
-0.352673 0.0411279  0.934842 0.0417888
        0         0         0         1
           1 -4.50425e-05 -0.000187665  1.96397e-05
 4.49456e-05            1 -6.21825e-05  5.78165e-06
 0.000187635  6.21527e-05            1   2.8491e-05
           0            0            0            1
