  0.75215  0.447518  0.483733 -0.370693
-0.345493   0.89287 -0.288822  0.169619
-0.561163 0.0501109  0.826187 0.0960324
        0         0         0         1
 0.850359  0.430714  0.302283 -0.220828
-0.390305  0.901569 -0.186645 0.0534211
 -0.35292 0.0407324  0.934767  0.041881
        0         0         0         1
           1 -1.47708e-05  2.89679e-05  2.37674e-05
 1.48639e-05            1 -0.000147194  6.70552e-06
-2.89679e-05  0.000147179            1 -5.24521e-05
           0            0            0            1
