 0.752225  0.447528  0.483607 -0.370709
-0.345589  0.892868 -0.288712  0.169655
-0.561004 0.0500471  0.826299 0.0960495
        0         0         0         1
 0.850535  0.430536   0.30204 -0.220809
-0.390118  0.901644 -0.186668 0.0533933
  -0.3527 0.0409365   0.93484 0.0418649
        0         0         0         1
           1 -5.63264e-05 -3.15905e-05  5.37038e-05
 5.62854e-05            1  5.48512e-05  1.32918e-05
 3.15309e-05 -5.48512e-05            1  4.01139e-05
           0            0            0            1
