 0.752269  0.447512  0.483553 -0.370698
-0.345546  0.892871 -0.288753  0.169675
-0.560972 0.0501301  0.826316 0.0960121
        0         0         0         1
 0.850508  0.430699  0.301885 -0.220859
-0.390313  0.901568 -0.186628 0.0534133
-0.352551 0.0408992  0.934898 0.0418496
        0         0         0         1
           1  4.51654e-05  -7.7486e-06 -2.78801e-05
-4.52623e-05            1  0.000185639 -8.07643e-06
  7.6592e-06 -0.000185564            1  5.40018e-05
           0            0            0            1
