 0.752253  0.447442  0.483644 -0.370674
-0.345362  0.892898 -0.288892  0.169573
-0.561107 0.0502872  0.826214 0.0960003
        0         0         0         1
 0.850518  0.430551  0.302067  -0.22079
-0.390027  0.901626 -0.186949 0.0533543
-0.352843 0.0411889  0.934776  0.041773
        0         0         0         1
           1 -7.20657e-05  4.29153e-06  1.26362e-05
 7.19763e-05            1  3.94881e-06  1.08778e-05
-4.32134e-06  -3.8892e-06            1  5.24521e-06
           0            0            0            1
