 0.752266   0.44746  0.483608 -0.370689
-0.345494  0.892899 -0.288732  0.169623
-0.561008 0.0501195  0.826292  0.096031
        0         0         0         1
 0.850657  0.430376  0.301926 -0.220759
-0.390031  0.901725 -0.186463 0.0533458
-0.352503 0.0408561  0.934918 0.0418667
        0         0         0         1
           1  4.08702e-05  4.90844e-05  1.26064e-05
-4.08851e-05            1 -0.000104368  8.04663e-06
-4.90546e-05  0.000104368            1 -1.85966e-05
           0            0            0            1
