 0.752341  0.447303  0.483635 -0.370657
-0.345297   0.89297 -0.288746  0.169586
-0.561028 0.0502383  0.826271 0.0959652
        0         0         0         1
 0.850592  0.430473  0.301971 -0.220786
-0.390041  0.901671 -0.186704 0.0533877
-0.352649 0.0410278  0.934856 0.0417816
        0         0         0         1
           1 -4.27738e-05  4.11272e-06  2.69264e-05
 4.28595e-05            1  -1.2666e-06  1.72257e-05
-4.14252e-06   1.2517e-06            1 -8.76188e-06
           0            0            0            1
