 0.752191  0.447517   0.48367 -0.370701
-0.345548  0.892873 -0.288746  0.169606
-0.561074 0.0500607   0.82625 0.0961283
        0         0         0         1
 0.850492  0.430646  0.302005 -0.220829
-0.390183  0.901587 -0.186811 0.0533677
-0.352733  0.041044  0.934823 0.0418338
        0         0         0         1
           1  0.000152137  0.000133246 -6.48499e-05
-0.000152197            1 -0.000117108 -2.25902e-05
-0.000133336  0.000117138            1  -2.5928e-05
           0            0            0            1
