  0.75228  0.447461  0.483583 -0.370679
-0.345441  0.892892 -0.288815  0.169594
-0.561021 0.0502201  0.826276 0.0960442
        0         0         0         1
 0.850441  0.430671  0.302114 -0.220835
-0.390206  0.901578 -0.186804 0.0533844
 -0.35283 0.0409792   0.93479 0.0418408
        0         0         0         1
           1  7.58842e-05  8.86023e-05 -1.17645e-05
-7.58655e-05            1 -0.000165612 -3.10838e-05
-8.86023e-05  0.000165522            1 -5.46575e-05
           0            0            0            1
