 0.752331  0.447339  0.483617 -0.370713
-0.345323  0.892952 -0.288771  0.169598
-0.561025 0.0502472  0.826272 0.0959833
        0         0         0         1
 0.850524  0.430545  0.302059 -0.220853
-0.390178  0.901647 -0.186533 0.0533763
-0.352662  0.040794  0.934861 0.0418519
        0         0         0         1
           1 -0.000126339  -0.00022763   1.4931e-05
 0.000126377            1  9.04799e-05 -1.06096e-05
   0.0002276 -9.04799e-05            1   4.6432e-05
           0            0            0            1
