 0.752123  0.447738  0.483572 -0.370808
-0.345721  0.892761 -0.288887  0.169706
 -0.56106 0.0500975  0.826258 0.0959864
        0         0         0         1
 0.850373  0.430792  0.302134 -0.220921
-0.390433  0.901535 -0.186538 0.0534292
-0.352744 0.0406639  0.934836 0.0419415
        0         0         0         1
           1  0.000181567  4.45545e-05 -0.000103459
-0.000181597            1  0.000126526 -3.33786e-05
-4.46141e-05 -0.000126526            1  4.45843e-05
           0            0            0            1
