 0.752207  0.447494  0.483667 -0.370715
-0.345433  0.892876 -0.288876   0.16964
-0.561125 0.0502205  0.826206 0.0959983
        0         0         0         1
 0.850439  0.430603  0.302215 -0.220863
-0.390192  0.901619 -0.186639 0.0533762
 -0.35285  0.040803   0.93479 0.0418686
        0         0         0         1
           1    9.894e-05  5.53131e-05 -6.47157e-05
-9.88282e-05            1 -0.000148058  4.14252e-06
-5.54025e-05  0.000148013            1 -6.56247e-05
           0            0            0            1
