 0.752307  0.447381  0.483615 -0.370668
-0.345534  0.892947 -0.288535  0.169575
-0.560928 0.0499614  0.826356 0.0960511
        0         0         0         1
 0.850622  0.430412  0.301974 -0.220753
-0.390061  0.901709 -0.186478 0.0533721
-0.352555 0.0408338    0.9349 0.0418724
        0         0         0         1
           1 -0.000146404 -5.55813e-05  3.94657e-05
 0.000146568            1   0.00013347  1.46627e-05
 5.56111e-05 -0.000133514            1   1.8537e-05
           0            0            0            1
