 0.752256  0.447514  0.483572 -0.370705
-0.345412  0.892859 -0.288951  0.169614
-0.561071  0.050333  0.826236 0.0960035
        0         0         0         1
 0.850497  0.430586  0.302076 -0.220842
-0.390111  0.901616 -0.186823 0.0533938
  -0.3528 0.0410489  0.934798 0.0418236
        0         0         0         1
           1 -7.69459e-05  0.000155419  1.17049e-05
 7.70986e-05            1 -0.000348926 -2.47359e-06
-0.000155389  0.000348926            1 -0.000124276
           0            0            0            1
