 0.752181  0.447613  0.483596 -0.370711
-0.345471  0.892809 -0.289035  0.169651
-0.561135 0.0503384  0.826192 0.0959709
        0         0         0         1
 0.850383   0.43079  0.302107 -0.220862
 -0.39038  0.901529 -0.186679  0.053402
-0.352777  0.040812  0.934817 0.0418589
        0         0         0         1
           1   3.5394e-05 -3.44515e-05  1.15037e-05
-3.54908e-05            1  0.000121564 -1.04606e-05
 3.43919e-05 -0.000121564            1  4.92334e-05
           0            0            0            1
