 0.752057  0.447674  0.483735 -0.370739
-0.345627  0.892794 -0.288896  0.169661
-0.561206 0.0500739   0.82616  0.096054
        0         0         0         1
 0.850397  0.430727  0.302158 -0.220837
-0.390282  0.901556 -0.186754 0.0534217
-0.352852 0.0408882  0.934785 0.0418653
        0         0         0         1
           1  0.000141006  0.000235885 -2.48849e-06
-0.000140909            1 -0.000112101  9.86457e-06
-0.000235915  0.000112057            1 -5.69224e-05
           0            0            0            1
