 0.752225  0.447482  0.483651 -0.370728
-0.345562  0.892893 -0.288667  0.169616
-0.561022 0.0500109  0.826289 0.0960588
        0         0         0         1
 0.850689  0.430319  0.301917 -0.220762
-0.390018  0.901756 -0.186336 0.0533248
 -0.35244  0.040761  0.934946 0.0419097
        0         0         0         1
           1 -3.38815e-05 -3.98159e-05 -1.08033e-06
 3.38405e-05            1   0.00017111  1.42753e-05
 3.97563e-05  -0.00017111            1  6.25849e-05
           0            0            0            1
