 0.752232  0.447476  0.483645  -0.37069
-0.345471  0.892889  -0.28879  0.169595
-0.561068 0.0501518  0.826249 0.0959886
        0         0         0         1
 0.850553   0.43055   0.30197 -0.220829
-0.390128  0.901636 -0.186689 0.0533652
-0.352646 0.0409819  0.934859 0.0418221
        0         0         0         1
           1 -0.000205863 -6.33597e-05   0.00011117
 0.000205833            1 -0.000110328 -9.95398e-06
 6.33895e-05  0.000110328            1 -1.60933e-05
           0            0            0            1
