 0.752253  0.447636  0.483463 -0.370756
-0.345636  0.892806 -0.288846  0.169658
-0.560937 0.0501829  0.826336 0.0959869
        0         0         0         1
 0.850605  0.430464  0.301949 -0.220788
-0.390081   0.90168 -0.186572 0.0533507
-0.352574 0.0409149   0.93489  0.041813
        0         0         0         1
           1  3.94508e-06 -1.19805e-05 -2.20835e-05
-3.89293e-06            1  8.58009e-05  8.01682e-06
 1.20103e-05 -8.57711e-05            1  2.19941e-05
           0            0            0            1
