 0.752177   0.44756  0.483653 -0.370739
-0.345503  0.892844 -0.288889  0.169627
-0.561122 0.0501923   0.82621 0.0960053
        0         0         0         1
  0.85044  0.430598   0.30222 -0.220856
-0.390176   0.90162 -0.186666 0.0533566
-0.352866 0.0408292  0.934783 0.0418472
        0         0         0         1
           1  8.77678e-06  2.02954e-05  -4.4845e-05
-8.76561e-06            1  0.000110283 -8.28505e-06
 -2.0355e-05 -0.000110298            1  1.38879e-05
           0            0            0            1
