 0.752321  0.447436  0.483543 -0.370682
-0.345497   0.89291 -0.288693  0.169598
-0.560932 0.0501267  0.826342 0.0959995
        0         0         0         1
 0.850564  0.430466  0.302058 -0.220772
-0.390107  0.901684 -0.186499 0.0533846
-0.352643 0.0407944  0.934868 0.0419282
        0         0         0         1
           1 -0.000243511  5.48363e-05  0.000102155
 0.000243362            1   2.0653e-05  -1.5378e-05
-5.48959e-05 -2.06381e-05            1  2.93851e-05
           0            0            0            1
