 0.752286  0.447635  0.483413 -0.370741
-0.345636  0.892806 -0.288849  0.169633
-0.560893 0.0502118  0.826364 0.0959892
        0         0         0         1
 0.850559  0.430543  0.301964  -0.22083
-0.390101  0.901636 -0.186742  0.053379
-0.352663 0.0410384   0.93485 0.0418077
        0         0         0         1
           1  0.000104927 -4.89652e-05 -4.23267e-05
-0.000104707            1  1.16676e-05  -5.1856e-06
 4.90546e-05 -1.17272e-05            1  9.53674e-06
           0            0            0            1
