  0.75224  0.447702  0.483423 -0.370745
-0.345864  0.892788 -0.288631  0.169673
-0.560815 0.0499208  0.826435 0.0960369
        0         0         0         1
 0.850375  0.430779  0.302145 -0.220906
-0.390497   0.90155 -0.186334 0.0534282
-0.352667 0.0404675  0.934873 0.0419736
        0         0         0         1
           1  0.000116277  7.11679e-05 -2.13683e-05
-0.000116169            1  0.000297099 -1.89245e-05
-7.11083e-05 -0.000297099            1  0.000118136
           0            0            0            1
