 0.752238  0.447733  0.483398 -0.370777
-0.345716  0.892757 -0.288904  0.169708
-0.560909 0.0502061  0.826354 0.0959813
        0         0         0         1
 0.850379  0.430905  0.301953 -0.220925
-0.390563  0.901479 -0.186536  0.053461
-0.352584 0.0406943  0.934895 0.0418944
        0         0         0         1
           1  0.000335414    5.126e-06 -7.71284e-05
-0.000335403            1  4.33624e-05  1.98781e-05
 -5.1558e-06 -4.33475e-05            1  5.36442e-06
           0            0            0            1
