 0.752234  0.447732  0.483404  -0.37075
 -0.34571  0.892757 -0.288911  0.169667
-0.560917 0.0502111  0.826348 0.0960096
        0         0         0         1
  0.85047  0.430594  0.302143 -0.220801
-0.390172   0.90162 -0.186673 0.0533855
-0.352798 0.0408723  0.934806  0.041873
        0         0         0         1
           1  0.000147205 -2.98023e-08 -3.38107e-05
-0.000147212            1 -8.83341e-05 -2.13981e-05
 2.98023e-08   8.8349e-05            1  -9.0003e-06
           0            0            0            1
