 0.752119  0.447665  0.483647 -0.370732
-0.345713  0.892804 -0.288763  0.169728
 -0.56107 0.0499812  0.826258 0.0960566
        0         0         0         1
 0.850413  0.430739  0.302095 -0.220877
-0.390456  0.901567 -0.186334 0.0534415
 -0.35262 0.0405063  0.934889 0.0419674
        0         0         0         1
           1  0.000236671  0.000133812 -8.89599e-05
-0.000236936            1   8.3372e-05 -2.05636e-06
-0.000133872  -8.3372e-05            1 -4.88758e-06
           0            0            0            1
