 0.752271  0.447588  0.483481 -0.370734
-0.345494  0.892822  -0.28897  0.169675
-0.561001 0.0503438  0.826283  0.095925
        0         0         0         1
 0.850502  0.430644  0.301982 -0.220855
-0.390254  0.901596 -0.186616 0.0534396
-0.352631 0.0408676   0.93487 0.0418262
        0         0         0         1
           1  5.99213e-05  5.33164e-05 -4.32879e-05
-5.97574e-05            1 -0.000156879  1.12057e-05
-5.33164e-05  0.000156865            1 -7.00951e-05
           0            0            0            1
