 0.752379  0.447372  0.483512 -0.370685
-0.345354  0.892932 -0.288795  0.169596
-0.560943 0.0503008  0.826325 0.0959485
        0         0         0         1
 0.850559   0.43055  0.301952  -0.22084
 -0.39021  0.901645 -0.186475 0.0533827
 -0.35254 0.0407834  0.934907 0.0418745
        0         0         0         1
           1  1.10976e-05 -6.10352e-05 -3.52487e-05
 -1.1351e-05            1 -0.000132665 -2.98023e-07
 6.10352e-05  0.000132769            1 -5.85318e-05
           0            0            0            1
