 0.752265  0.447504  0.483568  -0.37071
-0.345543  0.892876 -0.288741   0.16962
-0.560979 0.0501164  0.826311 0.0960431
        0         0         0         1
 0.850535  0.430477  0.302125 -0.220785
-0.390087  0.901677 -0.186574  0.053383
-0.352735  0.040833  0.934832 0.0418856
        0         0         0         1
           1 -3.70704e-05  0.000102758  1.51619e-05
 3.68915e-05            1  3.47197e-06 -2.68221e-07
-0.000102758 -3.45707e-06            1  9.11951e-06
           0            0            0            1
