 0.752177    0.4476  0.483615 -0.370677
-0.345744  0.892841 -0.288609  0.169706
-0.560973 0.0498782   0.82633 0.0960721
        0         0         0         1
 0.850349  0.430812  0.302171 -0.220889
-0.390507  0.901532 -0.186397 0.0534717
 -0.35272 0.0405028  0.934852 0.0419711
        0         0         0         1
           1  0.000109091   0.00018537  -3.6478e-05
-0.000109367            1  0.000124201  2.36034e-05
-0.000185341 -0.000124171            1  6.62208e-05
           0            0            0            1
