 0.752226  0.447619  0.483522 -0.370748
-0.345631  0.892818 -0.288818   0.16967
-0.560977 0.0501358  0.826312 0.0959845
        0         0         0         1
 0.850583  0.430533  0.301913 -0.220799
-0.390208  0.901654 -0.186436 0.0533806
-0.352487 0.0407707  0.934928 0.0418445
        0         0         0         1
           1  0.000222433 -4.10676e-05 -4.54038e-05
-0.000222325            1  0.000139803  4.20213e-06
 4.11272e-05 -0.000139773            1  2.34246e-05
           0            0            0            1
