 0.752366  0.447494   0.48342  -0.37075
 -0.34548  0.892872 -0.288832  0.169625
-0.560882 0.0502957  0.826367 0.0959483
        0         0         0         1
 0.850633  0.430401  0.301957 -0.220783
-0.390076  0.901716 -0.186409 0.0533673
-0.352511 0.0407796  0.934919 0.0418677
        0         0         0         1
           1 -0.000200771 -0.000147194  2.27019e-05
  0.00020083            1 -0.000144556  1.38581e-05
 0.000147253  0.000144452            1 -4.40478e-05
           0            0            0            1
