 0.752252  0.447481   0.48361 -0.370687
-0.345513  0.892888 -0.288741   0.16962
-0.561015 0.0501122  0.826287 0.0960375
        0         0         0         1
 0.850573  0.430512  0.301968  -0.22079
-0.390151   0.90166 -0.186523 0.0533895
-0.352573 0.0408389  0.934893  0.041891
        0         0         0         1
           1 -4.60297e-05  7.57277e-05  2.47955e-05
 4.61638e-05            1  0.000124246  1.16825e-05
-7.57575e-05 -0.000124276            1  4.81606e-05
           0            0            0            1
