 0.752288  0.447547  0.483492 -0.370675
 -0.34554   0.89285 -0.288828  0.169654
 -0.56095 0.0502163  0.826325 0.0959694
        0         0         0         1
  0.85054  0.430614  0.301916 -0.220819
-0.390209  0.901606 -0.186664 0.0534301
-0.352589 0.0409549  0.934881 0.0418238
        0         0         0         1
           1 -0.000134315 -0.000183553  8.20011e-05
 0.000134189            1 -0.000218645  1.64807e-05
 0.000183553   0.00021866            1 -3.54648e-05
           0            0            0            1
