 0.752192  0.447654  0.483543  -0.37072
-0.345548  0.892791 -0.288998  0.169672
-0.561074 0.0502947  0.826236 0.0959443
        0         0         0         1
 0.850479  0.430554  0.302174 -0.220803
-0.390099  0.901635 -0.186752 0.0533935
-0.352858 0.0409507   0.93478 0.0418119
        0         0         0         1
           1 -4.43608e-05   2.0057e-05  1.86563e-05
 4.43906e-05            1 -0.000175565  4.54187e-05
-2.00868e-05  0.000175595            1 -8.37445e-05
           0            0            0            1
