  0.75217  0.447685  0.483548 -0.370687
-0.345737  0.892791 -0.288773  0.169664
-0.560987 0.0500258  0.826312 0.0960376
        0         0         0         1
 0.850465  0.430634  0.302097 -0.220807
-0.390321  0.901612 -0.186401 0.0534215
-0.352645 0.0406125  0.934875 0.0419534
        0         0         0         1
           1  8.23922e-05  0.000172436 -2.26945e-05
-8.24779e-05            1  0.000125289 -2.67923e-05
-0.000172466 -0.000125244            1  9.29832e-06
           0            0            0            1
