 0.752372  0.447337  0.483556 -0.370697
-0.345357  0.892954 -0.288725  0.169569
 -0.56095  0.050229  0.826324 0.0960032
        0         0         0         1
 0.850529  0.430567  0.302013 -0.220856
-0.390125  0.901627  -0.18674 0.0533776
-0.352707 0.0410046  0.934835 0.0418366
        0         0         0         1
           1 -9.79081e-05 -1.52886e-05 -5.40912e-06
   9.799e-05            1 -0.000101194  1.72853e-06
 1.53482e-05  0.000101134            1 -3.62396e-05
           0            0            0            1
