 0.752332  0.447371  0.483586 -0.370645
-0.345515   0.89295 -0.288548  0.169603
-0.560906 0.0499978  0.826368 0.0960304
        0         0         0         1
 0.850513  0.430603  0.302006 -0.220809
-0.390284  0.901624  -0.18642 0.0533869
-0.352569 0.0406845  0.934901 0.0419192
        0         0         0         1
           1 -0.000239275 -7.97808e-05  9.32217e-05
 0.000239227            1 -8.33869e-05 -1.08778e-05
    7.99e-05  8.33571e-05            1 -2.26498e-05
           0            0            0            1
