  0.75227   0.44748  0.483581 -0.370692
-0.345433  0.892881  -0.28886  0.169611
 -0.56104 0.0502563  0.826262 0.0959848
        0         0         0         1
  0.85061  0.430373  0.302064 -0.220753
-0.389986  0.901725 -0.186556 0.0533549
-0.352667 0.0408859  0.934855 0.0418524
        0         0         0         1
           1 -0.000166915 -1.93715e-05  4.55379e-05
 0.000166871            1  0.000161558 -3.18885e-05
 1.93417e-05 -0.000161558            1  7.07507e-05
           0            0            0            1
