 0.752251  0.447642  0.483462 -0.370729
-0.345765  0.892815 -0.288666  0.169675
 -0.56086 0.0499847    0.8264 0.0960018
        0         0         0         1
 0.850528  0.430574  0.302005 -0.220844
-0.390233  0.901635 -0.186474 0.0534142
-0.352589 0.0407493   0.93489 0.0418859
        0         0         0         1
           1 -7.05719e-05 -8.30889e-05  2.57492e-05
 7.04266e-05            1 -0.000144899  2.19345e-05
 8.31485e-05  0.000144869            1 -5.47767e-05
           0            0            0            1
