 0.752134  0.447613   0.48367 -0.370726
-0.345669   0.89283 -0.288735  0.169667
-0.561076  0.049977  0.826254   0.09606
        0         0         0         1
 0.850425  0.430728  0.302078 -0.220841
-0.390354  0.901561 -0.186578 0.0534147
-0.352706 0.0407528  0.934846 0.0418867
        0         0         0         1
           1  0.000156961  0.000203431  -4.1157e-05
-0.000157107            1  4.94719e-05 -1.65105e-05
-0.000203431  -4.9457e-05            1  1.66893e-05
           0            0            0            1
