  0.75228  0.447523  0.483527  -0.37071
-0.345508  0.892862 -0.288829  0.169623
-0.560981 0.0502178  0.826305 0.0959979
        0         0         0         1
 0.850483   0.43066  0.302011 -0.220847
-0.390284  0.901591 -0.186578 0.0533969
-0.352642 0.0408113  0.934868 0.0419087
        0         0         0         1
           1 -0.000323549 -8.19862e-05  0.000129916
 0.000323541            1 -0.000126034 -1.54972e-06
 8.20756e-05  0.000125989            1 -3.75509e-06
           0            0            0            1
