 0.752147  0.447562  0.483698 -0.370678
-0.345607  0.892854 -0.288735  0.169668
-0.561098 0.0500018  0.826238 0.0960575
        0         0         0         1
 0.850487  0.430538  0.302174 -0.220792
-0.390153  0.901651 -0.186562 0.0533756
-0.352778 0.0407747  0.934818 0.0419173
        0         0         0         1
           1  0.000145137  0.000141054 -3.92348e-05
-0.000145245            1  6.27041e-05 -2.74479e-05
-0.000141084 -6.26892e-05            1  5.84126e-06
           0            0            0            1
