 0.752284  0.447518  0.483526 -0.370717
-0.345484  0.892862 -0.288856  0.169702
 -0.56099 0.0502509  0.826296 0.0959696
        0         0         0         1
 0.850444  0.430655  0.302128 -0.220806
 -0.39031    0.9016  -0.18648 0.0534224
-0.352707 0.0406673   0.93485 0.0418865
        0         0         0         1
           1  0.000118595 -3.15011e-05 -2.04369e-05
-0.000118308            1  9.40412e-05  6.70552e-06
 3.15011e-05 -9.40859e-05            1  3.67761e-05
           0            0            0            1
