 0.752267  0.447454  0.483611 -0.370741
-0.345596  0.892911 -0.288571  0.169637
-0.560944  0.049948  0.826346 0.0960409
        0         0         0         1
 0.850594  0.430445  0.302006 -0.220807
-0.390183  0.901704 -0.186243 0.0533865
-0.352487 0.0405791  0.934936 0.0419868
        0         0         0         1
           1 -1.62274e-05   1.2815e-06 -8.90344e-06
 1.63652e-05            1  7.89165e-05 -3.21865e-05
 -1.2219e-06 -7.89315e-05            1  5.64456e-05
           0            0            0            1
