 0.752246  0.447533   0.48357 -0.370742
-0.345542   0.89286 -0.288794  0.169646
-0.561005 0.0501501  0.826292 0.0959936
        0         0         0         1
 0.850571   0.43048  0.302018 -0.220811
-0.390102  0.901675 -0.186556 0.0533582
-0.352631 0.0408617   0.93487 0.0418999
        0         0         0         1
           1 -0.000116523  1.64509e-05 -1.03414e-05
 0.000116482            1  2.22772e-05 -1.24276e-05
-1.64807e-05 -2.22772e-05            1 -1.09076e-05
           0            0            0            1
