 0.752366  0.447344  0.483558 -0.370706
-0.345379  0.892952 -0.288704  0.169628
-0.560944    0.0502  0.826331  0.095962
        0         0         0         1
 0.850587  0.430408  0.302077 -0.220766
-0.390076  0.901715 -0.186415 0.0533724
-0.352622 0.0407291  0.934879 0.0418859
        0         0         0         1
           1 -0.000240404 -0.000181586  6.69807e-05
 0.000240449            1  6.16759e-05  2.17855e-05
 0.000181675 -6.17802e-05            1  2.18749e-05
           0            0            0            1
