 0.752083  0.447861  0.483521 -0.370808
-0.345821  0.892698 -0.288961  0.169749
-0.561052 0.0501107  0.826262 0.0960027
        0         0         0         1
 0.850431  0.430658   0.30216 -0.220815
-0.390301  0.901598 -0.186509 0.0534283
-0.352749 0.0406798  0.934834 0.0418999
        0         0         0         1
           1  0.000114731  3.37958e-05 -4.18574e-05
-0.000114661            1  9.04202e-05 -2.79248e-05
 -3.3766e-05 -9.05097e-05            1  3.91603e-05
           0            0            0            1
