 0.752398  0.447338  0.483515 -0.370727
-0.345469  0.892962 -0.288565   0.16958
-0.560847 0.0500758  0.826404 0.0959862
        0         0         0         1
 0.850626  0.430345  0.302056 -0.220772
-0.390023  0.901745 -0.186381 0.0533767
-0.352586 0.0407315  0.934893 0.0419279
        0         0         0         1
           1 -0.000116367 -1.23978e-05  4.15891e-05
  0.00011633            1  6.21378e-06  9.80496e-06
 1.24574e-05 -6.21378e-06            1 -2.86102e-06
           0            0            0            1
