 0.752271  0.447585  0.483484 -0.370776
-0.345528  0.892827 -0.288914  0.169661
-0.560981 0.0502839  0.826301 0.0959295
        0         0         0         1
 0.850599  0.430476  0.301947 -0.220802
-0.390136  0.901679 -0.186463  0.053387
-0.352527 0.0408047  0.934912 0.0418867
        0         0         0         1
           1 -4.15742e-05 -0.000151277  2.24784e-05
 4.14848e-05            1 -1.22935e-05  4.47035e-07
 0.000151277  1.22786e-05            1  4.23193e-06
           0            0            0            1
