 0.752161  0.447599  0.483642 -0.370712
 -0.34553  0.892824 -0.288919  0.169676
-0.561127  0.050201  0.826206 0.0960324
        0         0         0         1
 0.850436  0.430617  0.302205 -0.220818
-0.390304  0.901623 -0.186383 0.0534101
-0.352735 0.0405548  0.934844 0.0419972
        0         0         0         1
           1  1.96956e-05 -4.56274e-05  9.11951e-06
-1.97515e-05            1  6.12587e-05  6.94394e-06
 4.55976e-05  -6.1214e-05            1  2.16961e-05
           0            0            0            1
