 0.752241  0.447504  0.483604 -0.370677
-0.345497  0.892873 -0.288805  0.169605
-0.561039 0.0501675  0.826268 0.0960259
        0         0         0         1
 0.850445  0.430676  0.302096 -0.220833
-0.390267  0.901582 -0.186657 0.0533969
-0.352753 0.0408435  0.934824 0.0418746
        0         0         0         1
           1 -1.48863e-05  9.94503e-05  3.82364e-05
 1.51806e-05            1 -8.88109e-05 -8.01682e-06
-9.94503e-05  8.87513e-05            1  -3.3915e-05
           0            0            0            1
