 0.752082  0.447655  0.483712 -0.370746
-0.345679  0.892808  -0.28879  0.169699
-0.561141 0.0499849   0.82621  0.096107
        0         0         0         1
 0.850507  0.430645  0.301964 -0.220821
-0.390204  0.901589 -0.186757 0.0534159
-0.352674 0.0410103  0.934847 0.0418275
        0         0         0         1
           1  8.73245e-05  0.000109792 -5.90086e-06
-8.73916e-05            1 -6.29723e-05  3.57926e-05
-0.000109762  6.29574e-05            1 -3.30806e-05
           0            0            0            1
