 0.752226  0.447632   0.48351 -0.370731
-0.345577  0.892805 -0.288921  0.169673
 -0.56101 0.0502439  0.826283 0.0959949
        0         0         0         1
 0.850487  0.430587  0.302104 -0.220807
-0.390247  0.901631 -0.186462 0.0533936
-0.352675 0.0406883  0.934861 0.0419773
        0         0         0         1
           1  7.14287e-05 -6.47902e-05 -1.71885e-05
-7.15256e-05            1  5.73695e-05  1.75834e-06
 6.47306e-05 -5.72652e-05            1  4.28557e-05
           0            0            0            1
