  0.75219  0.447454  0.483731 -0.370711
-0.345467  0.892904 -0.288747  0.169633
-0.561127 0.0500791  0.826214 0.0960485
        0         0         0         1
  0.85051   0.43047  0.302207 -0.220813
-0.390148  0.901691 -0.186383 0.0533688
 -0.35273 0.0406154  0.934843 0.0419475
        0         0         0         1
           1  1.71326e-05  0.000126779 -6.20931e-05
-1.69985e-05            1   8.8945e-05  4.61936e-06
-0.000126719 -8.90791e-05            1  3.25441e-05
           0            0            0            1
