 0.752156  0.447714  0.483542 -0.370777
-0.345765  0.892777 -0.288784  0.169729
-0.560988 0.0500189  0.826311 0.0960278
        0         0         0         1
  0.85047   0.43059  0.302146 -0.220812
-0.390331   0.90164 -0.186245 0.0534087
-0.352622 0.0404592  0.934891 0.0420035
        0         0         0         1
           1 -4.35747e-05  7.36117e-05  5.28395e-05
 4.33959e-05            1  0.000133872  1.64211e-05
-7.37309e-05 -0.000133783            1  4.16636e-05
           0            0            0            1
