 0.752288  0.447493  0.483543  -0.37075
-0.345492  0.892878 -0.288799  0.169647
 -0.56098 0.0501998  0.826306 0.0960314
        0         0         0         1
 0.850432  0.430683  0.302123 -0.220879
-0.390302  0.901583 -0.186584 0.0534084
-0.352747 0.0407574  0.934831   0.04191
        0         0         0         1
           1  0.000222575  0.000125676 -8.01533e-05
-0.000222653            1  -8.1569e-05 -1.96695e-05
-0.000125706  8.15541e-05            1 -2.86698e-05
           0            0            0            1
