 0.752266  0.447483  0.483585 -0.370673
-0.345456  0.892881 -0.288831  0.169614
-0.561031 0.0502206   0.82627 0.0959619
        0         0         0         1
 0.850464  0.430644  0.302086 -0.220791
-0.390234  0.901596 -0.186658 0.0533918
-0.352743 0.0408616  0.934828 0.0418412
        0         0         0         1
           1   4.2066e-05 -1.61827e-05  2.32086e-05
-4.22448e-05            1 -0.000193283 -1.47223e-05
 1.61827e-05  0.000193313            1 -7.50422e-05
           0            0            0            1
