 0.752225  0.447711  0.483438 -0.370804
-0.345743  0.892773 -0.288823  0.169687
 -0.56091 0.0501148  0.826359 0.0959908
        0         0         0         1
 0.850552  0.430549  0.301976 -0.220826
-0.390184  0.901644 -0.186534 0.0533628
-0.352587 0.0408305  0.934888 0.0418943
        0         0         0         1
           1  5.98878e-05  -5.4419e-05 -6.42166e-05
-5.97164e-05            1  6.40154e-05 -7.36117e-06
  5.4419e-05  -6.4075e-05            1  3.19481e-05
           0            0            0            1
