 0.752285  0.447438  0.483597 -0.370701
 -0.34563  0.892923 -0.288494  0.169639
-0.560898  0.049884  0.826381 0.0960656
        0         0         0         1
 0.850489  0.430575  0.302116  -0.22084
-0.390259   0.90164 -0.186394 0.0534185
-0.352657  0.040623   0.93487 0.0419739
        0         0         0         1
           1 -7.47889e-05  1.96099e-05  6.97374e-06
 7.50534e-05            1 -8.48621e-05  5.57303e-06
-1.95205e-05  8.47578e-05            1  -4.3571e-05
           0            0            0            1
