 0.752142  0.447674  0.483601 -0.370708
-0.345643  0.892791 -0.288887  0.169681
-0.561082 0.0501308  0.826241 0.0960395
        0         0         0         1
 0.850364  0.430787  0.302165 -0.220874
-0.390411  0.901536 -0.186581 0.0534315
-0.352789 0.0406932  0.934817 0.0419399
        0         0         0         1
           1  0.000117965  0.000118464 -2.27839e-05
-0.000117958            1  2.14875e-05 -5.47767e-05
-0.000118494 -2.14875e-05            1  2.70605e-05
           0            0            0            1
