 0.752238  0.447626  0.483496 -0.370744
-0.345748  0.892823 -0.288661  0.169696
-0.560888 0.0499742  0.826382 0.0960266
        0         0         0         1
 0.850473  0.430732  0.301937 -0.220911
-0.390421  0.901563 -0.186428 0.0534261
-0.352516  0.040669  0.934922 0.0419478
        0         0         0         1
           1  0.000127085  2.25306e-05 -5.58645e-05
-0.000127189            1 -1.22041e-05 -1.67787e-05
-2.25008e-05  1.22041e-05            1 -1.61529e-05
           0            0            0            1
