  0.75229  0.447452  0.483576  -0.37071
-0.345525  0.892905 -0.288676  0.169605
-0.560956 0.0500807  0.826329 0.0960375
        0         0         0         1
 0.850554   0.43052  0.302012 -0.220804
-0.390198  0.901662 -0.186416 0.0533653
-0.352568 0.0407123    0.9349 0.0419032
        0         0         0         1
           1  -0.00026973 -2.08914e-05  6.78077e-05
 0.000269409            1 -0.000214756 -8.70228e-06
  2.0951e-05   0.00021483            1 -8.10027e-05
           0            0            0            1
