 0.752208  0.447462  0.483696 -0.370668
  -0.3456   0.89291 -0.288569  0.169637
 -0.56102 0.0498982  0.826297 0.0960927
        0         0         0         1
 0.850473  0.430636  0.302073 -0.220825
-0.390304  0.901609 -0.186452 0.0534004
-0.352645 0.0406721  0.934873 0.0419215
        0         0         0         1
           1 -3.04952e-05  0.000148833  1.19209e-05
 3.05772e-05            1  8.66801e-05 -1.17719e-05
-0.000148863 -8.66801e-05            1  4.26769e-05
           0            0            0            1
