 0.752223  0.447616  0.483529 -0.370713
-0.345638   0.89282 -0.288802  0.169665
-0.560977 0.0501173  0.826313 0.0960178
        0         0         0         1
 0.850553  0.430504  0.302038 -0.220742
-0.390113  0.901663 -0.186591  0.053405
-0.352664 0.0408767  0.934857 0.0418497
        0         0         0         1
           1  -0.00010464 -1.43647e-05  6.93798e-05
 0.000104662            1 -0.000110403  3.48985e-05
 1.43349e-05  0.000110373            1  -2.5034e-05
           0            0            0            1
