 0.752304   0.44753  0.483483 -0.370738
-0.345519  0.892857 -0.288832  0.169615
-0.560942 0.0502369   0.82633 0.0959777
        0         0         0         1
 0.850519  0.430625   0.30196 -0.220877
-0.390233  0.901604 -0.186624 0.0533944
-0.352613 0.0408923  0.934875 0.0418534
        0         0         0         1
           1 -5.40614e-05  3.43919e-05 -8.06153e-06
 5.39459e-05            1 -0.000187397 -9.80496e-06
-3.44217e-05  0.000187412            1 -7.45654e-05
           0            0            0            1
