 0.752212  0.447484  0.483668 -0.370677
-0.345455  0.892883 -0.288826  0.169628
-0.561104 0.0501725  0.826223 0.0960112
        0         0         0         1
 0.850456    0.4306  0.302171 -0.220792
-0.390268  0.901628 -0.186434 0.0533643
-0.352724 0.0406268  0.934845 0.0419239
        0         0         0         1
           1 -7.60481e-05  2.74479e-05   1.5527e-05
 7.60444e-05            1 -4.01884e-05   1.0848e-05
-2.74479e-05  4.01586e-05            1 -4.42863e-05
           0            0            0            1
