 0.752287  0.447578  0.483465 -0.370711
-0.345524  0.892829  -0.28891  0.169665
-0.560962 0.0502944  0.826313 0.0959586
        0         0         0         1
 0.850481  0.430771  0.301858 -0.220847
-0.390376  0.901533 -0.186666 0.0534222
-0.352546 0.0409178    0.9349 0.0418208
        0         0         0         1
           1  0.000172555 -3.61204e-05 -4.11868e-05
-0.000172611            1 -8.10027e-05  1.36793e-05
  3.6031e-05  8.10176e-05            1 -2.00272e-05
           0            0            0            1
