 0.752194  0.447725  0.483474 -0.370761
-0.345712  0.892764 -0.288888  0.169701
 -0.56097 0.0501567  0.826315 0.0960054
        0         0         0         1
 0.850397  0.430846  0.301989 -0.220914
-0.390443  0.901501 -0.186685 0.0534613
-0.352675 0.0408467  0.934854 0.0418544
        0         0         0         1
           1   0.00012058  3.89814e-05 -5.34877e-05
-0.000120237            1 -3.64035e-05 -3.27826e-07
-3.89218e-05  3.62992e-05            1 -3.91603e-05
           0            0            0            1
