 0.752244  0.447554  0.483554 -0.370727
-0.345615  0.892854 -0.288724  0.169669
-0.560963 0.0500667  0.826325 0.0960261
        0         0         0         1
 0.850533  0.430545  0.302036 -0.220798
-0.390263  0.901656 -0.186309 0.0533888
-0.352547 0.0405881  0.934914 0.0419351
        0         0         0         1
           1  2.26647e-05 -3.61502e-05  3.85195e-06
-2.27764e-05            1  0.000148073  -6.4075e-06
 3.60906e-05 -0.000148028            1  5.07236e-05
           0            0            0            1
