  0.75224  0.447555  0.483559 -0.370723
-0.345522  0.892846 -0.288862   0.16964
-0.561025 0.0502131  0.826274 0.0960307
        0         0         0         1
 0.850587  0.430491  0.301958 -0.220738
-0.390143  0.901671 -0.186487 0.0533878
-0.352548 0.0408164  0.934903 0.0418867
        0         0         0         1
           1  0.000171199  2.49743e-05 -3.03239e-05
-0.000171266            1 -9.39816e-05 -8.85129e-06
 -2.5034e-05  9.40114e-05            1    -2.11e-05
           0            0            0            1
