 0.752275  0.447458  0.483594 -0.370706
-0.345431  0.892893 -0.288824  0.169636
-0.561034 0.0502265  0.826267 0.0959859
        0         0         0         1
 0.850594  0.430418  0.302044 -0.220765
 -0.39006  0.901706 -0.186491 0.0533943
-0.352624 0.0408131  0.934874 0.0418421
        0         0         0         1
           1 -6.37881e-05  2.16365e-05 -1.39326e-05
 6.36913e-05            1  4.67151e-05  2.64347e-05
-2.17259e-05 -4.66406e-05            1 -3.49879e-05
           0            0            0            1
