 0.752312  0.447501  0.483496 -0.370716
-0.345616  0.892882 -0.288637  0.169672
-0.560871 0.0500409   0.82639 0.0960297
        0         0         0         1
 0.850539  0.430561  0.301995 -0.220813
 -0.39026  0.901645 -0.186369 0.0534086
-0.352535 0.0406574  0.934915 0.0419072
        0         0         0         1
           1  2.64496e-07  -1.2219e-06 -1.56835e-05
-2.42144e-07            1  0.000153303  1.76728e-05
  1.2517e-06 -0.000153273            1  3.49879e-05
           0            0            0            1
