 0.752331  0.447461  0.483504 -0.370705
-0.345484  0.892893  -0.28876  0.169649
-0.560926 0.0502004  0.826342 0.0959744
        0         0         0         1
 0.850575  0.430563  0.301892 -0.220839
 -0.39016   0.90163 -0.186649 0.0534188
-0.352559 0.0409728  0.934892 0.0418229
        0         0         0         1
           1  -0.00017006 -2.65539e-05  8.12039e-05
 0.000170026            1 -0.000218675  4.18127e-05
 2.65539e-05  0.000218704            1 -6.86049e-05
           0            0            0            1
