 0.752097  0.447739  0.483611 -0.370801
-0.345642  0.892754 -0.289001  0.169735
-0.561143 0.0502003  0.826195 0.0959839
        0         0         0         1
 0.850465  0.430704     0.302 -0.220894
-0.390265  0.901563 -0.186754  0.053438
-0.352707 0.0409676  0.934837 0.0418322
        0         0         0         1
           1  0.000175312  8.38339e-05 -7.35894e-05
-0.000175398            1  3.79086e-05  7.62939e-06
-8.38339e-05 -3.78489e-05            1 -4.17233e-06
           0            0            0            1
