 0.752175  0.447557  0.483658 -0.370676
-0.345712  0.892864 -0.288577  0.169651
-0.560996 0.0498544  0.826316 0.0960607
        0         0         0         1
  0.85049  0.430626  0.302039 -0.220852
-0.390272   0.90161 -0.186514 0.0534043
-0.352639 0.0407511  0.934872 0.0418884
        0         0         0         1
           1  9.50098e-05  3.91304e-05  -4.1768e-05
-9.53227e-05            1  0.000145018  -1.2517e-05
-3.91304e-05 -0.000144929            1   6.1214e-05
           0            0            0            1
