 0.752219  0.447533  0.483612 -0.370671
-0.345598  0.892866 -0.288708  0.169613
-0.561007 0.0500362  0.826297 0.0960686
        0         0         0         1
 0.850475  0.430692  0.301988 -0.220795
-0.390283  0.901572 -0.186673 0.0533999
-0.352663 0.0408995  0.934856 0.0418739
        0         0         0         1
           1  2.23294e-05 -5.36442e-06  1.13249e-06
-2.23294e-05            1 -6.48201e-06 -3.09944e-05
 5.33462e-06  6.49691e-06            1  2.14577e-05
           0            0            0            1
