 0.752095  0.447804  0.483555 -0.370759
-0.345932  0.892741 -0.288693   0.16974
-0.560967 0.0498467  0.826336 0.0960578
        0         0         0         1
 0.850526   0.43057  0.302018 -0.220792
-0.390315  0.901647 -0.186245 0.0534039
-0.352505  0.040524  0.934932 0.0419626
        0         0         0         1
           1  0.000237938  6.55651e-06 -6.26296e-05
-0.000237998            1  0.000256836 -1.52886e-05
 -6.4373e-06 -0.000256851            1  0.000118673
           0            0            0            1
