 0.752338  0.447465  0.483489 -0.370725
-0.345435  0.892886 -0.288841  0.169645
-0.560947 0.0502916  0.826323 0.0959589
        0         0         0         1
 0.850553  0.430525  0.302005 -0.220768
-0.390089  0.901647 -0.186719 0.0533913
-0.352689 0.0410061  0.934841   0.04179
        0         0         0         1
           1  9.60305e-05  3.84152e-05 -2.63304e-05
-9.59523e-05            1 -0.000172153  2.30968e-05
 -3.8445e-05  0.000172183            1 -6.68168e-05
           0            0            0            1
