 0.752402  0.447307  0.483537 -0.370706
-0.345437  0.892977 -0.288556  0.169571
 -0.56086 0.0500787  0.826394 0.0959873
        0         0         0         1
 0.850535  0.430579   0.30198 -0.220858
-0.390243  0.901632 -0.186465 0.0534148
-0.352563   0.04075    0.9349 0.0419046
        0         0         0         1
           1 -0.000255652 -1.92523e-05  9.97186e-05
 0.000255611            1  0.000117704 -7.92742e-06
 1.92225e-05 -0.000117734            1   8.6844e-05
           0            0            0            1
