   0.7522  0.447673  0.483512 -0.370771
-0.345589  0.892783 -0.288975  0.169723
-0.561037  0.050271  0.826263 0.0959791
        0         0         0         1
 0.850469  0.430754  0.301918  -0.22089
-0.390329  0.901539 -0.186737 0.0534443
-0.352628  0.040967  0.934866 0.0418341
        0         0         0         1
           1  0.000225395  3.09348e-05  -7.1004e-05
-0.000225469            1   0.00017415  2.67029e-05
-3.08752e-05  -0.00017415            1  6.97374e-05
           0            0            0            1
