 0.752339   0.44737  0.483577 -0.370722
-0.345292   0.89293 -0.288875  0.169529
-0.561035 0.0503559  0.826259  0.095964
        0         0         0         1
 0.850597  0.430352  0.302129 -0.220744
-0.389979  0.901738 -0.186508 0.0533254
-0.352705  0.040819  0.934844 0.0419075
        0         0         0         1
           1 -0.000272028 -1.70469e-05  9.94727e-05
  0.00027195            1 -0.000127435 -6.31809e-06
 1.71065e-05  0.000127435            1 -2.45571e-05
           0            0            0            1
