 0.752226  0.447518  0.483616 -0.370681
-0.345589  0.892874 -0.288692  0.169628
-0.561003 0.0500292  0.826301 0.0960596
        0         0         0         1
 0.850533  0.430636  0.301903 -0.220797
-0.390224  0.901595 -0.186686  0.053381
-0.352588 0.0409723  0.934881  0.041796
        0         0         0         1
           1 -6.44177e-05  2.75671e-05  4.53442e-05
 6.44587e-05            1  2.28286e-05 -2.78354e-05
 -2.7597e-05 -2.27988e-05            1  1.61529e-05
           0            0            0            1
