 0.752227  0.447482  0.483647 -0.370723
-0.345451  0.892883  -0.28883  0.169582
-0.561087 0.0501898  0.826234 0.0960095
        0         0         0         1
 0.850509  0.430617     0.302 -0.220813
-0.390168  0.901602 -0.186768 0.0533723
-0.352709 0.0410166  0.934834   0.04182
        0         0         0         1
           1 -4.84288e-07  1.10865e-05  9.02265e-06
 2.79397e-07            1 -0.000151247 -3.75509e-06
-1.11163e-05  0.000151321            1 -5.13792e-05
           0            0            0            1
