 0.752252  0.447504  0.483587 -0.370728
-0.345471  0.892871 -0.288845  0.169624
 -0.56104 0.0502188  0.826264  0.095987
        0         0         0         1
   0.8506  0.430418  0.302028 -0.220761
-0.390005    0.9017 -0.186637 0.0533541
-0.352671 0.0409608   0.93485 0.0418101
        0         0         0         1
           1 -0.000136573   8.9407e-06  3.84599e-05
 0.000136528            1 -2.46018e-05  1.14441e-05
 -9.0003e-06  2.46763e-05            1  9.23872e-06
           0            0            0            1
