 0.752265  0.447438  0.483629 -0.370691
-0.345416  0.892905 -0.288806  0.169647
-0.561057 0.0502053  0.826253 0.0960374
        0         0         0         1
 0.850471  0.430655  0.302051 -0.220847
-0.390266  0.901593 -0.186608 0.0534298
-0.352691 0.0408245  0.934849 0.0418782
        0         0         0         1
           1  5.16959e-05  4.05014e-05 -2.87145e-05
-5.16325e-05            1 -0.000156254  3.21865e-06
-4.04418e-05  0.000156268            1 -6.52671e-05
           0            0            0            1
