 0.752141  0.447672  0.483604 -0.370736
-0.345691  0.892796 -0.288814  0.169678
-0.561054 0.0500514  0.826264 0.0960264
        0         0         0         1
  0.85053  0.430537  0.302055 -0.220767
-0.390142  0.901647 -0.186605 0.0533878
-0.352687 0.0408691  0.934848  0.041832
        0         0         0         1
           1   1.1012e-05  7.51913e-05  1.15484e-06
-1.12616e-05            1  0.000103235  6.10948e-06
-7.52807e-05 -0.000103176            1  5.30481e-06
           0            0            0            1
