 0.752364  0.447379   0.48353 -0.370701
-0.345354  0.892929 -0.288804  0.169557
-0.560963 0.0502964  0.826312  0.095998
        0         0         0         1
 0.850559  0.430518     0.302 -0.220804
-0.390116  0.901654 -0.186629 0.0533514
-0.352646 0.0409237  0.934862 0.0418292
        0         0         0         1
           1 -0.000138238 -4.52995e-05  1.84551e-05
 0.000138156            1 -0.000145152   8.9705e-06
 4.52995e-05  0.000145182            1 -1.97291e-05
           0            0            0            1
