 0.752161  0.447667  0.483579 -0.370739
-0.345564  0.892787 -0.288993  0.169666
-0.561105 0.0502617  0.826217 0.0960026
        0         0         0         1
 0.850568  0.430502  0.301996 -0.220779
-0.390053  0.901656  -0.18675 0.0533888
-0.352692 0.0410493  0.934839 0.0417998
        0         0         0         1
           1  0.000183471   4.0859e-05 -4.12762e-05
-0.000183377            1 -5.44786e-05 -3.99351e-06
 -4.0859e-05  5.44339e-05            1 -2.61664e-05
           0            0            0            1
