 0.752248  0.447525  0.483575 -0.370743
 -0.34548  0.892859  -0.28887  0.169644
-0.561041 0.0502364  0.826262 0.0960004
        0         0         0         1
 0.850588   0.43056  0.301859 -0.220834
-0.390126  0.901627 -0.186736 0.0533766
-0.352566 0.0410725  0.934885 0.0418162
        0         0         0         1
           1  0.000144027  4.46737e-05 -6.66231e-05
-0.000143781            1  2.29329e-05  9.05991e-06
-4.46141e-05 -2.30521e-05            1  -2.5928e-05
           0            0            0            1
