 0.752327  0.447394  0.483573 -0.370675
-0.345456  0.892931 -0.288675    0.1696
-0.560949 0.0501248  0.826331 0.0959992
        0         0         0         1
 0.850561  0.430552  0.301947 -0.220829
-0.390167  0.901639 -0.186595 0.0533814
-0.352586 0.0409001  0.934886 0.0418104
        0         0         0         1
           1 -0.000114128   2.0206e-05  2.92063e-05
  0.00011408            1  -0.00011678 -9.83477e-06
 -2.0206e-05  0.000116765            1 -6.31213e-05
           0            0            0            1
