 0.752316    0.4474  0.483584   -0.3707
-0.345479   0.89293 -0.288652  0.169591
 -0.56095 0.0500893  0.826333 0.0960158
        0         0         0         1
 0.850546  0.430577  0.301952 -0.220856
-0.390183  0.901626 -0.186622 0.0533806
-0.352603 0.0409143  0.934878 0.0418289
        0         0         0         1
           1 -8.98242e-05  2.36928e-05 -3.69549e-06
 8.97869e-05            1  0.000237778 -8.28505e-06
-2.36928e-05 -0.000237823            1  6.99162e-05
           0            0            0            1
