 0.752269  0.447468  0.483595 -0.370725
-0.345534  0.892897 -0.288688  0.169632
 -0.56098 0.0500721  0.826314 0.0960127
        0         0         0         1
 0.850498  0.430689  0.301926 -0.220902
-0.390302  0.901574 -0.186625 0.0534206
-0.352586 0.0408817  0.934886 0.0418292
        0         0         0         1
           1  9.00999e-05 -4.53293e-05 -4.91217e-05
-9.00775e-05            1 -0.000203013 -1.11759e-05
 4.52399e-05  0.000203028            1 -9.69768e-05
           0            0            0            1
