 0.752374  0.447346  0.483544 -0.370668
-0.345346  0.892947 -0.288758  0.169579
-0.560954 0.0502638  0.826319 0.0960411
        0         0         0         1
 0.850607  0.430482  0.301914 -0.220771
-0.390119  0.901673 -0.186531 0.0533375
-0.352526 0.0408826  0.934908 0.0418978
        0         0         0         1
           1 -9.56357e-05  1.04308e-05  5.95376e-05
 9.55462e-05            1 -6.59227e-05 -4.38094e-06
-1.04606e-05  6.59674e-05            1  3.33786e-05
           0            0            0            1
