  0.75234  0.447405  0.483544 -0.370704
-0.345589  0.892936 -0.288502  0.169629
-0.560851  0.049944  0.826409 0.0960972
        0         0         0         1
 0.850452  0.430624   0.30215  -0.22084
-0.390322   0.90162  -0.18636 0.0533925
-0.352676 0.0405546  0.934866 0.0419523
        0         0         0         1
           1 -4.73373e-05  4.04119e-05  2.19047e-05
 4.74676e-05            1  0.000207305  4.82798e-06
-4.04418e-05 -0.000207335            1  9.66191e-05
           0            0            0            1
