 0.752169  0.447726  0.483511 -0.370787
-0.345642  0.892758  -0.28899   0.16969
-0.561046 0.0502481  0.826258 0.0959577
        0         0         0         1
 0.850441  0.430699  0.302076 -0.220848
-0.390265  0.901568 -0.186729 0.0534271
-0.352766 0.0409124  0.934817 0.0418455
        0         0         0         1
           1  0.000159327 -5.03361e-05 -8.48025e-05
-0.000159096            1 -9.95845e-05 -8.55327e-06
 5.04255e-05  9.94653e-05            1 -1.41859e-05
           0            0            0            1
