 0.752231  0.447628  0.483506 -0.370746
-0.345706  0.892819 -0.288724  0.169683
-0.560924 0.0500367  0.826354 0.0960225
        0         0         0         1
 0.850499  0.430688  0.301928 -0.220852
 -0.39031  0.901576 -0.186598 0.0534194
-0.352576 0.0408558  0.934891 0.0418372
        0         0         0         1
           1  2.36332e-05  4.77731e-05  5.56558e-06
-2.37562e-05            1   0.00014028   5.1558e-06
-4.77135e-05  -0.00014025            1   6.3777e-05
           0            0            0            1
