 0.752228  0.447495  0.483633 -0.370706
 -0.34551  0.892881 -0.288768  0.169623
-0.561048 0.0501193  0.826264 0.0960283
        0         0         0         1
 0.850479  0.430582  0.302135  -0.22083
 -0.39022  0.901632 -0.186515  0.053366
-0.352724 0.0407275  0.934841 0.0419122
        0         0         0         1
           1  0.000197984    2.864e-05 -6.10203e-05
-0.000197861            1  0.000110418  1.30832e-05
-2.86102e-05 -0.000110462            1  1.96695e-06
           0            0            0            1
