 0.752233  0.447578  0.483549  -0.37072
-0.345543  0.892834 -0.288873  0.169639
-0.561022 0.0502123  0.826277 0.0960148
        0         0         0         1
 0.850608  0.430459  0.301945  -0.22076
-0.390025  0.901676 -0.186711  0.053385
-0.352628 0.0410513  0.934862 0.0417994
        0         0         0         1
           1  7.17938e-05 -3.27826e-06  5.70714e-06
-7.20322e-05            1 -0.000101283  3.45707e-06
 3.27826e-06  0.000101283            1 -2.06232e-05
           0            0            0            1
