 0.752236   0.44747  0.483643 -0.370711
-0.345549  0.892899 -0.288665  0.169586
-0.561013  0.050022  0.826294 0.0960365
        0         0         0         1
 0.850621  0.430419  0.301967 -0.220782
-0.390059  0.901704 -0.186504 0.0533693
-0.352559 0.0408598  0.934897 0.0418555
        0         0         0         1
           1  9.14149e-05 -1.78814e-07 -2.71052e-05
-9.16645e-05            1  4.12911e-05 -8.07643e-06
 1.78814e-07 -4.12613e-05            1  4.70281e-05
           0            0            0            1
