 0.752265  0.447493  0.483577  -0.37067
-0.345589  0.892887 -0.288652  0.169645
 -0.56095  0.050024  0.826337 0.0960385
        0         0         0         1
 0.850561  0.430565  0.301928  -0.22081
-0.390155  0.901629 -0.186666 0.0534057
-0.352599 0.0409719  0.934877 0.0418172
        0         0         0         1
           1 -0.000199664 -3.98755e-05  6.74501e-05
 0.000199649            1 -0.000122845 -1.46031e-06
 3.98755e-05  0.000122875            1 -9.71556e-06
           0            0            0            1
