 0.752373  0.447428   0.48347 -0.370679
-0.345593  0.892921 -0.288545  0.169647
-0.560804 0.0500092  0.826437 0.0960317
        0         0         0         1
 0.850518  0.430675  0.301893 -0.220857
-0.390332  0.901585 -0.186507 0.0534359
-0.352506  0.040789   0.93492 0.0418928
        0         0         0         1
           1 -7.10115e-05 -0.000144124  2.48328e-05
 7.13244e-05            1  0.000342026 -7.21216e-06
 0.000144184 -0.000342071            1  0.000134826
           0            0            0            1
