  0.75227  0.447564  0.483504 -0.370674
-0.345656  0.892851 -0.288686  0.169662
-0.560902 0.0500433  0.826368 0.0960221
        0         0         0         1
  0.85045   0.43072  0.302019 -0.220827
-0.390305  0.901559 -0.186691 0.0534405
-0.352699 0.0408922  0.934843 0.0418094
        0         0         0         1
           1  6.97412e-05  5.50747e-05 -1.82837e-05
-6.96033e-05            1  -6.4671e-05 -1.92523e-05
-5.50449e-05  6.46263e-05            1 -4.37498e-05
           0            0            0            1
