 0.752251  0.447493  0.483599 -0.370706
-0.345495  0.892879 -0.288789  0.169644
-0.561027 0.0501609  0.826277 0.0959602
        0         0         0         1
 0.850576  0.430547  0.301911 -0.220835
-0.390083  0.901631 -0.186809 0.0534026
-0.352642  0.041125  0.934854 0.0417341
        0         0         0         1
           1 -3.20785e-05   -2.864e-05 -2.33948e-06
 3.20114e-05            1  4.81158e-05 -1.39177e-05
 2.86698e-05 -4.81308e-05            1  2.39015e-05
           0            0            0            1
