  0.75232  0.447368  0.483607 -0.370672
-0.345456  0.892947 -0.288628  0.169566
-0.560959 0.0500756  0.826328 0.0959874
        0         0         0         1
 0.850557  0.430518  0.302004 -0.220816
-0.390142  0.901657  -0.18656 0.0533879
-0.352621 0.0408558  0.934874  0.041846
        0         0         0         1
           1 -0.000327438 -0.000102729  7.80895e-05
 0.000327203            1  5.89192e-05 -4.52995e-06
 0.000102639 -5.89192e-05            1  1.65701e-05
           0            0            0            1
