 0.752237  0.447576  0.483545 -0.370715
-0.345657  0.892845 -0.288702  0.169676
-0.560947 0.0500319  0.826339 0.0960013
        0         0         0         1
  0.85056  0.430505  0.302015 -0.220809
-0.390085  0.901659 -0.186668 0.0534029
-0.352676 0.0409606  0.934849 0.0417977
        0         0         0         1
           1  6.42054e-05  0.000120312 -2.38419e-07
-6.39781e-05            1 -3.78489e-06   1.7643e-05
-0.000120252  3.72529e-06            1 -1.94311e-05
           0            0            0            1
