 0.752241  0.447536  0.483575 -0.370688
 -0.34559  0.892863 -0.288727  0.169695
-0.560982 0.0500739  0.826312 0.0960334
        0         0         0         1
 0.850466  0.430749  0.301932 -0.220892
-0.390389  0.901549 -0.186563 0.0534698
-0.352568 0.0407949  0.934896 0.0418641
        0         0         0         1
           1  6.26743e-05  4.30644e-05  1.63019e-05
-6.30245e-05            1  0.000159487  2.22921e-05
 -4.3124e-05 -0.000159368            1  8.57115e-05
           0            0            0            1
