 0.752318  0.447387  0.483594 -0.370668
-0.345405  0.892931 -0.288737  0.169609
-0.560993 0.0501859  0.826298  0.095982
        0         0         0         1
 0.850589  0.430479  0.301973 -0.220772
-0.390177  0.901683  -0.18636 0.0533789
-0.352507 0.0406926  0.934924 0.0419197
        0         0         0         1
           1 -0.000193018 -6.28531e-05  9.84296e-05
 0.000192996            1  0.000104904 -2.49445e-05
 6.27935e-05 -0.000104889            1  6.06775e-05
           0            0            0            1
