 0.752043  0.447819  0.483621 -0.370751
-0.345747  0.892719 -0.288984  0.169734
 -0.56115  0.050118  0.826195 0.0960636
        0         0         0         1
 0.850386  0.430844  0.302024 -0.220874
-0.390418    0.9015 -0.186739 0.0534382
 -0.35273 0.0408844  0.934832 0.0418349
        0         0         0         1
           1  0.000256255  0.000152647 -8.65906e-05
-0.000256415            1 -7.33137e-05  1.12057e-05
-0.000152737  7.33286e-05            1 -4.53591e-05
           0            0            0            1
