 0.752161  0.447616  0.483627 -0.370731
-0.345656  0.892826 -0.288763  0.169708
-0.561049 0.0500278  0.826269 0.0960118
        0         0         0         1
 0.850481  0.430669  0.302005 -0.220875
-0.390318   0.90159 -0.186516 0.0534438
-0.352611 0.0407499  0.934882 0.0418862
        0         0         0         1
           1  4.09856e-05 -4.30048e-05 -5.29438e-05
-4.08739e-05            1  0.000157803 -2.14577e-06
 4.30346e-05 -0.000157848            1  6.30021e-05
           0            0            0            1
