 0.752156  0.447623  0.483627 -0.370704
-0.345742  0.892829  -0.28865  0.169695
-0.561002 0.0498995  0.826308 0.0960791
        0         0         0         1
 0.850551  0.430567  0.301951 -0.220806
 -0.39021  0.901635 -0.186522 0.0533898
 -0.35256 0.0408223  0.934898 0.0418729
        0         0         0         1
           1  9.74499e-05 -7.36713e-05  -1.6056e-05
 -9.7543e-05            1  0.000142053 -6.58631e-06
 7.36415e-05 -0.000141993            1  8.61883e-05
           0            0            0            1
