 0.752322  0.447573  0.483415 -0.370726
-0.345614  0.892838 -0.288775  0.169643
-0.560859 0.0501772  0.826389 0.0960116
        0         0         0         1
 0.850477  0.430683  0.301995 -0.220815
-0.390235  0.901572 -0.186776 0.0533909
-0.352711 0.0409997  0.934833 0.0418064
        0         0         0         1
           1  1.61678e-06 -7.89464e-05  1.67042e-05
-1.82539e-06            1 -5.81443e-05   2.5332e-06
 7.89464e-05  5.82039e-05            1 -1.30534e-05
           0            0            0            1
