 0.752229  0.447534  0.483595 -0.370732
-0.345561  0.892862 -0.288764   0.16964
-0.561016 0.0501054  0.826287 0.0959724
        0         0         0         1
  0.85046  0.430741  0.301959 -0.220896
-0.390274  0.901541 -0.186841 0.0534144
-0.352709 0.0410539  0.934832 0.0417783
        0         0         0         1
           1  8.95895e-05 -1.68085e-05 -6.88881e-05
-8.95448e-05            1  0.000139937 -1.57952e-05
 1.67787e-05 -0.000139982            1   4.1604e-05
           0            0            0            1
