 0.752271  0.447493  0.483568 -0.370676
-0.345398   0.89287 -0.288936  0.169661
 -0.56106 0.0503347  0.826243 0.0959782
        0         0         0         1
 0.850508   0.43063  0.301984 -0.220821
-0.390147  0.901592 -0.186862 0.0534247
-0.352735 0.0411102   0.93482 0.0417586
        0         0         0         1
           1  2.47248e-05  9.64403e-05 -4.94719e-06
-2.47061e-05            1 -0.000296503  1.56164e-05
-9.63509e-05  0.000296474            1 -0.000122964
           0            0            0            1
