 0.752278  0.447366  0.483675 -0.370659
-0.345465  0.892952 -0.288602  0.169596
-0.561009  0.050016  0.826297 0.0960487
        0         0         0         1
 0.850438  0.430717  0.302057 -0.220887
-0.390283  0.901559 -0.186736 0.0534093
-0.352753 0.0409191  0.934822 0.0418402
        0         0         0         1
           1 -0.000149645  4.50313e-05  4.21181e-05
 0.000149611            1  6.59525e-05 -2.48551e-05
-4.50611e-05 -6.59376e-05            1  6.50287e-05
           0            0            0            1
