  0.75219   0.44747  0.483716 -0.370656
-0.345496  0.892897 -0.288735  0.169601
-0.561109 0.0500611  0.826227 0.0960377
        0         0         0         1
 0.850538   0.43049  0.302099 -0.220773
-0.390055  0.901665 -0.186698 0.0533902
-0.352764 0.0409584  0.934815 0.0418397
        0         0         0         1
           1 -9.64627e-05   4.3571e-05  5.06938e-05
 9.63286e-05            1 -0.000158414 -1.96695e-06
-4.35412e-05  0.000158429            1 -5.28097e-05
           0            0            0            1
