 0.752151  0.447688  0.483574 -0.370756
 -0.34562  0.892779 -0.288949  0.169705
-0.561084 0.0502004  0.826235 0.0959446
        0         0         0         1
 0.850448  0.430753  0.301976 -0.220861
-0.390379  0.901547 -0.186592 0.0534124
-0.352621 0.0408016  0.934876 0.0418212
        0         0         0         1
           1  7.38949e-05 -4.29153e-06 -9.64105e-06
-7.35335e-05            1 -8.07792e-05  1.91033e-05
 4.35114e-06  8.07047e-05            1 -3.24845e-05
           0            0            0            1
