  0.75223  0.447523  0.483605 -0.370693
-0.345604  0.892873  -0.28868  0.169661
-0.560989 0.0500179  0.826311 0.0960444
        0         0         0         1
 0.850635  0.430429  0.301912 -0.220758
-0.390077  0.901699 -0.186492 0.0533942
-0.352506 0.0408679  0.934917 0.0418313
        0         0         0         1
           1  3.06293e-05 -6.56843e-05 -4.91291e-05
-3.06889e-05            1  6.64592e-05  4.05312e-06
 6.57439e-05 -6.63549e-05            1  9.65595e-06
           0            0            0            1
