 0.752167  0.447644   0.48359 -0.370729
-0.345662  0.892809 -0.288808  0.169702
-0.561037 0.0500727  0.826275 0.0959999
        0         0         0         1
  0.85059  0.430548  0.301869 -0.220842
-0.390096  0.901631 -0.186781 0.0534179
-0.352592  0.041116  0.934874 0.0417146
        0         0         0         1
           1  1.19619e-05  7.05421e-05 -4.03225e-05
-1.18613e-05            1 -0.000262573  1.60336e-05
-7.05421e-05  0.000262544            1 -0.000127435
           0            0            0            1
