 0.752089  0.447682  0.483676  -0.37069
-0.345536  0.892779 -0.289051  0.169688
-0.561219 0.0502646   0.82614 0.0960211
        0         0         0         1
 0.850394  0.430806  0.302053 -0.220856
-0.390287  0.901507 -0.186977 0.0534321
-0.352854 0.0411168  0.934775  0.041774
        0         0         0         1
           1  0.000233304  0.000162899 -6.78897e-05
 -0.00023324            1 -0.000290871  4.91738e-06
-0.000162959  0.000290826            1 -0.000118017
           0            0            0            1
