 0.752317   0.44739  0.483593 -0.370687
-0.345471  0.892936 -0.288645  0.169614
-0.560954 0.0500849  0.826331 0.0959931
        0         0         0         1
  0.85052   0.43062  0.301963 -0.220843
-0.390157  0.901599 -0.186809 0.0534104
-0.352693 0.0410715  0.934837 0.0417306
        0         0         0         1
           1 -0.000111714 -8.94964e-05  1.01626e-05
 0.000111803            1  6.53416e-05 -1.40071e-05
 8.94964e-05 -6.53416e-05            1 -6.55651e-06
           0            0            0            1
