 0.752263  0.447422  0.483646 -0.370674
-0.345467  0.892919 -0.288702  0.169578
-0.561028 0.0500961   0.82628 0.0959868
        0         0         0         1
 0.850577  0.430457  0.302035 -0.220789
-0.389973  0.901674 -0.186831 0.0533608
 -0.35276 0.0411284   0.93481 0.0417451
        0         0         0         1
           1 -0.000218373  5.62668e-05  5.50896e-05
  0.00021835            1 -0.000157416 -1.92523e-05
-5.62668e-05  0.000157461            1 -7.26581e-05
           0            0            0            1
