 0.752171   0.44767   0.48356 -0.370757
-0.345642  0.892791 -0.288887  0.169653
-0.561044 0.0501538  0.826265 0.0959781
        0         0         0         1
 0.850503  0.430692  0.301909 -0.220831
-0.390254  0.901566 -0.186762 0.0534315
-0.352628 0.0410205  0.934864 0.0417788
        0         0         0         1
           1 -1.32211e-05 -4.63426e-05 -1.44541e-06
 1.32583e-05            1 -0.000199899  1.83582e-05
 4.63426e-05  0.000199884            1 -0.000105202
           0            0            0            1
