 0.752334  0.447395  0.483561   -0.3707
-0.345408  0.892926 -0.288749   0.16962
-0.560969 0.0502103  0.826313 0.0959841
        0         0         0         1
 0.850496  0.430656  0.301979 -0.220894
-0.390193  0.901582 -0.186814 0.0534239
-0.352711 0.0410542  0.934831  0.041785
        0         0         0         1
           1  -2.8912e-05  2.95937e-05  -1.5147e-05
 2.93776e-05            1  -1.4171e-05   3.3915e-05
-2.94745e-05  1.40071e-05            1 -4.50611e-05
           0            0            0            1
