 0.752275  0.447481  0.483573 -0.370658
 -0.34556  0.892891 -0.288676  0.169625
-0.560955 0.0500608  0.826331 0.0960413
        0         0         0         1
 0.850504  0.430607  0.302028 -0.220786
-0.390231  0.901616 -0.186568 0.0534004
-0.352651  0.040816  0.934865 0.0419034
        0         0         0         1
           1 -0.000144083  5.41806e-05  5.34803e-05
 0.000144098            1  0.000224411 -4.05312e-06
-5.41508e-05 -0.000224397            1  8.96454e-05
           0            0            0            1
