 0.752264  0.447523  0.483552 -0.370685
-0.345613  0.892871 -0.288673  0.169699
-0.560938 0.0500366  0.826345 0.0960301
        0         0         0         1
 0.850446  0.430799  0.301916 -0.220874
-0.390452  0.901527 -0.186537 0.0534621
-0.352545 0.0407563  0.934907 0.0418848
        0         0         0         1
           1  0.000143293  -1.7345e-05 -5.63115e-05
-0.000143055            1   0.00013952  2.14875e-05
 1.74344e-05 -0.000139505            1  4.46439e-05
           0            0            0            1
