 0.752257  0.447546  0.483541 -0.370705
-0.345616  0.892858 -0.288711  0.169641
-0.560945 0.0500659  0.826338 0.0960448
        0         0         0         1
 0.850548  0.430592  0.301923 -0.220837
-0.390167  0.901615 -0.186711 0.0534269
-0.352615 0.0410065   0.93487 0.0418162
        0         0         0         1
           1  9.40114e-05 -3.93987e-05  -7.7188e-06
-9.40114e-05            1 -9.98974e-05  4.49717e-05
 3.93689e-05  9.99123e-05            1 -3.33786e-05
           0            0            0            1
