 0.752217  0.447497  0.483648 -0.370667
-0.345587  0.892887 -0.288655  0.169655
-0.561016 0.0499888  0.826294 0.0960273
        0         0         0         1
 0.850493  0.430645  0.302004 -0.220796
-0.390231  0.901593 -0.186681 0.0534015
-0.352678 0.0409193  0.934849 0.0417944
        0         0         0         1
           1  5.35026e-05  0.000117332 -5.36442e-06
-5.37746e-05            1  0.000251308 -8.34465e-06
-0.000117362 -0.000251263            1  6.70552e-05
           0            0            0            1
