   0.7522  0.447513   0.48366 -0.370682
-0.345436  0.892865 -0.288904  0.169667
-0.561131 0.0502394  0.826201 0.0960485
        0         0         0         1
  0.85045  0.430745  0.301984  -0.22084
-0.390215  0.901533 -0.187004 0.0534348
  -0.3528 0.0411989  0.934792 0.0417519
        0         0         0         1
           1  8.49515e-05  0.000107914 -1.61305e-05
-8.47913e-05            1 -8.75294e-05  4.05312e-06
-0.000107914  8.74698e-05            1 -2.44379e-05
           0            0            0            1
