 0.752284  0.447553  0.483492 -0.370724
-0.345462  0.892839 -0.288955  0.169627
-0.561004 0.0503484  0.826281 0.0959708
        0         0         0         1
 0.850567  0.430527  0.301966 -0.220822
-0.390095  0.901645 -0.186711 0.0533797
 -0.35265 0.0410151  0.934856 0.0418286
        0         0         0         1
           1 -0.000139382 -1.13547e-05  3.32147e-05
 0.000139304            1 -8.76337e-05 -1.07288e-05
 1.13249e-05  8.76486e-05            1  2.34246e-05
           0            0            0            1
