 0.752239  0.447418  0.483686 -0.370672
-0.345408  0.892917 -0.288778  0.169613
-0.561096  0.050161  0.826229  0.096005
        0         0         0         1
 0.850483  0.430651  0.302023 -0.220836
-0.390162  0.901582 -0.186878  0.053424
-0.352778 0.0410986  0.934804 0.0417362
        0         0         0         1
           1  0.000102494 -3.97265e-05 -6.37695e-05
-0.000102703            1 -0.000272185  1.60933e-05
 3.96669e-05  0.000272185            1 -0.000111759
           0            0            0            1
