 0.752239  0.447464  0.483646   -0.3707
-0.345614  0.892908 -0.288558  0.169613
-0.560971 0.0499098   0.82633 0.0960642
        0         0         0         1
 0.850569  0.430562   0.30191 -0.220853
-0.390206  0.901636 -0.186525 0.0534145
-0.352523 0.0408453  0.934911 0.0418551
        0         0         0         1
           1 -8.43108e-05  6.91414e-06  3.42578e-05
 8.44337e-05            1  0.000162363 -1.84774e-06
-6.88434e-06 -0.000162408            1  7.62939e-05
           0            0            0            1
