 0.752291  0.447309  0.483708 -0.370697
-0.345381  0.892977 -0.288623  0.169551
-0.561044 0.0500655  0.826271  0.096034
        0         0         0         1
 0.850558  0.430495  0.302034 -0.220809
-0.390049   0.90166 -0.186736 0.0533502
-0.352721 0.0410219  0.934829 0.0418059
        0         0         0         1
           1 -0.000291131  4.17233e-06  6.70403e-05
 0.000291288            1 -0.000102222 -2.50936e-05
-4.11272e-06  0.000102147            1 -2.89083e-05
           0            0            0            1
