 0.752198  0.447539  0.483639 -0.370698
-0.345401  0.892846 -0.289005  0.169666
-0.561157 0.0503396  0.826178 0.0959738
        0         0         0         1
 0.850567  0.430493  0.302012 -0.220781
 -0.39002  0.901657 -0.186811 0.0533533
-0.352732  0.041104  0.934821  0.041779
        0         0         0         1
           1   6.1091e-05 -1.04308e-06  1.53929e-05
-6.11804e-05            1 -0.000108778 -2.17259e-05
 1.04308e-06  0.000108823            1 -1.77026e-05
           0            0            0            1
