 0.752184  0.447662  0.483548 -0.370728
-0.345738  0.892804 -0.288733  0.169685
-0.560968 0.0499996  0.826326 0.0960121
        0         0         0         1
 0.850412  0.430818  0.301985 -0.220902
-0.390427  0.901515 -0.186648 0.0534674
-0.352655 0.0408249  0.934862 0.0418365
        0         0         0         1
           1   0.00012967  1.95801e-05 -3.57032e-05
-0.000129595            1  0.000162899 -1.60635e-05
-1.95503e-05 -0.000162929            1  4.98295e-05
           0            0            0            1
