 0.752231  0.447588  0.483542 -0.370706
-0.345669  0.892839 -0.288706  0.169644
-0.560947 0.0500278  0.826339 0.0960604
        0         0         0         1
 0.850534  0.430577  0.301985 -0.220817
-0.390215   0.90163 -0.186535 0.0534157
-0.352597 0.0408148  0.934884 0.0419116
        0         0         0         1
           1    5.937e-05  5.14388e-05 -5.70118e-05
-5.93178e-05            1  7.60555e-05 -1.15335e-05
-5.14686e-05 -7.60555e-05            1  4.01735e-05
           0            0            0            1
