 0.752206  0.447558   0.48361 -0.370678
-0.345474  0.892841 -0.288932  0.169651
-0.561101 0.0502619   0.82622 0.0959768
        0         0         0         1
 0.850545  0.430554  0.301988 -0.220807
-0.390124  0.901634 -0.186708 0.0533887
 -0.35267 0.0409906   0.93485 0.0418103
        0         0         0         1
           1  5.47767e-05  5.74291e-05 -1.75089e-06
-5.50486e-05            1 -7.46697e-05 -3.39746e-06
-5.74589e-05  7.47442e-05            1 -1.25766e-05
           0            0            0            1
