  0.75215  0.447607  0.483651 -0.370677
-0.345678  0.892833 -0.288713  0.169655
-0.561049 0.0499685  0.826272  0.096092
        0         0         0         1
 0.850481  0.430651  0.302029 -0.220787
-0.390267  0.901594 -0.186598 0.0534095
-0.352666 0.0408263  0.934858 0.0418574
        0         0         0         1
           1  3.08454e-06  3.99947e-05  5.30779e-05
-3.34159e-06            1  0.000148997 -8.07643e-06
-4.00841e-05 -0.000148907            1  9.11951e-05
           0            0            0            1
