  0.75224  0.447605  0.483513 -0.370724
-0.345604  0.892823 -0.288834  0.169645
-0.560975 0.0501685  0.826311 0.0959657
        0         0         0         1
 0.850564  0.430573  0.301907 -0.220828
-0.390148  0.901623 -0.186708 0.0533962
-0.352598 0.0410187  0.934875 0.0417851
        0         0         0         1
           1  0.000174139 -1.41263e-05   -6.143e-05
-0.000174172            1  2.46018e-05 -1.33812e-05
 1.41263e-05 -2.45869e-05            1  1.50204e-05
           0            0            0            1
