 0.752167  0.447679  0.483558 -0.370718
-0.345793    0.8928  -0.28868  0.169697
-0.560957 0.0499244  0.826338 0.0960761
        0         0         0         1
 0.850474  0.430706   0.30197 -0.220833
-0.390347  0.901571 -0.186546 0.0534488
-0.352594 0.0407789  0.934888 0.0418869
        0         0         0         1
           1  0.000194535   7.9751e-05 -4.68343e-05
-0.000194509            1  -1.9744e-05   2.5034e-06
-7.97808e-05  1.97291e-05            1 -1.41263e-05
           0            0            0            1
