 0.752326  0.447506  0.483471 -0.370743
-0.345569  0.892874 -0.288717  0.169616
-0.560881  0.050137  0.826377 0.0959781
        0         0         0         1
 0.850537  0.430541   0.30203 -0.220815
-0.390221  0.901654 -0.186408  0.053383
-0.352582 0.0406883  0.934896 0.0418932
        0         0         0         1
           1 -0.000192471 -8.59797e-05  4.97401e-05
 0.000192344            1  5.55962e-05  1.67787e-05
 8.59499e-05 -5.55813e-05            1  5.24521e-06
           0            0            0            1
