 0.752079  0.447676  0.483697 -0.370728
-0.345752  0.892802 -0.288722  0.169689
  -0.5611 0.0499024  0.826242 0.0960751
        0         0         0         1
 0.850368  0.430702  0.302276 -0.220844
-0.390334  0.901579 -0.186532  0.053386
-0.352865 0.0406322  0.934792  0.041949
        0         0         0         1
           1  0.000125799  0.000121832 -7.02739e-05
-0.000125919            1  2.94745e-05 -4.57168e-05
-0.000121802 -2.94596e-05            1  3.45707e-05
           0            0            0            1
