 0.752168  0.447635  0.483598 -0.370709
-0.345632  0.892812 -0.288836  0.169708
-0.561055 0.0501057  0.826261  0.096027
        0         0         0         1
 0.850465  0.430622  0.302116 -0.220828
-0.390182  0.901604  -0.18673 0.0534337
  -0.3528 0.0409272  0.934804 0.0418317
        0         0         0         1
           1  8.58903e-05  0.000162274 -2.92882e-05
-8.55513e-05            1 -0.000111178  3.65674e-05
-0.000162214  0.000111088            1 -4.55976e-05
           0            0            0            1
