 0.752269   0.44765  0.483427 -0.370713
-0.345724  0.892805 -0.288744  0.169679
-0.560862 0.0500804  0.826393   0.09597
        0         0         0         1
 0.850608  0.430467  0.301933  -0.22078
-0.390139  0.901684 -0.186434 0.0534132
-0.352502  0.040786  0.934922 0.0418796
        0         0         0         1
           1 -6.77295e-05 -6.43134e-05  2.24337e-05
 6.80909e-05            1  0.000115037  1.54972e-06
  6.4373e-05 -0.000115111            1  4.76837e-06
           0            0            0            1
