 0.752239  0.447558  0.483558 -0.370764
-0.345505  0.892842 -0.288893  0.169678
-0.561037 0.0502449  0.826264  0.096002
        0         0         0         1
 0.850532   0.43053  0.302058 -0.220804
-0.390103  0.901646  -0.18669    0.0534
-0.352725 0.0409528   0.93483 0.0418067
        0         0         0         1
           1  -0.00016854  2.85804e-05  7.19801e-05
 0.000168495            1 -0.000151604  5.00381e-05
-2.86102e-05  0.000151649            1 -7.55787e-05
           0            0            0            1
