 0.752163  0.447721  0.483526 -0.370754
-0.345556  0.892753 -0.289106  0.169654
-0.561108 0.0503693  0.826208 0.0959511
        0         0         0         1
 0.850467  0.430626  0.302105  -0.22082
-0.390162  0.901599 -0.186795 0.0533719
-0.352817 0.0409928  0.934794 0.0418406
        0         0         0         1
           1  0.000156734   6.3777e-05 -5.81294e-05
-0.000156809            1 -0.000276208  2.17557e-06
-6.38366e-05  0.000276282            1 -9.87053e-05
           0            0            0            1
