 0.752238  0.447533  0.483583 -0.370707
-0.345597  0.892865 -0.288711  0.169609
-0.560982 0.0500545  0.826313 0.0960104
        0         0         0         1
 0.850507  0.430536  0.302118 -0.220802
-0.390196  0.901655 -0.186453 0.0533514
-0.352682 0.0406944  0.934858 0.0419371
        0         0         0         1
           1 -0.000257429  -6.3777e-06  0.000117838
 0.000257447            1  6.08712e-05  3.78489e-06
  6.3777e-06 -6.08861e-05            1  3.80874e-05
           0            0            0            1
