 0.752169  0.447651  0.483581 -0.370732
-0.345668  0.892805 -0.288814  0.169677
-0.561031 0.0500785  0.826279 0.0960552
        0         0         0         1
   0.8505  0.430617  0.302025 -0.220839
-0.390273  0.901615 -0.186488 0.0534259
-0.352615 0.0407354  0.934882 0.0419376
        0         0         0         1
           1 -1.53817e-05 -8.44598e-05   3.8296e-05
 1.53892e-05            1  0.000194296  6.10948e-06
 8.44896e-05 -0.000194341            1  8.51154e-05
           0            0            0            1
