 0.752115  0.447782  0.483544 -0.370776
-0.345787   0.89274 -0.288871  0.169737
 -0.56103  0.050061   0.82628   0.09602
        0         0         0         1
 0.850466  0.430694   0.30201 -0.220826
-0.390293  0.901572 -0.186652 0.0534293
-0.352674 0.0408694  0.934854 0.0418391
        0         0         0         1
           1 -5.46575e-05  5.97537e-05  4.61191e-05
 5.46947e-05            1 -8.88854e-05  1.78516e-05
-5.97537e-05  8.89003e-05            1 -4.26173e-05
           0            0            0            1
