 0.752279  0.447554    0.4835  -0.37074
-0.345581   0.89285 -0.288779  0.169651
-0.560937 0.0501538  0.826338 0.0959668
        0         0         0         1
 0.850547  0.430525  0.302023 -0.220813
-0.390063  0.901644 -0.186787 0.0533755
-0.352734  0.041063  0.934822 0.0417585
        0         0         0         1
           1 -5.70491e-05 -8.49366e-05 -3.04207e-05
 5.72614e-05            1 -0.000201046  1.60038e-05
 8.49366e-05  0.000201017            1 -0.000100911
           0            0            0            1
