 0.752181  0.447596  0.483613 -0.370697
-0.345626  0.892834 -0.288775  0.169723
 -0.56104 0.0500621  0.826274 0.0960186
        0         0         0         1
 0.850494  0.430571  0.302107  -0.22078
-0.390196  0.901635 -0.186553 0.0534195
-0.352714 0.0407817  0.934842 0.0418945
        0         0         0         1
           1  9.55798e-05 -4.98593e-05  2.93627e-05
-9.55202e-05            1 -9.26852e-06  2.06828e-05
 4.98891e-05  9.28342e-06            1  3.26633e-05
           0            0            0            1
