 0.752197  0.447661  0.483528 -0.370773
 -0.34575  0.892805 -0.288716  0.169698
-0.560943 0.0499918  0.826344  0.096006
        0         0         0         1
 0.850506  0.430591  0.302047 -0.220861
-0.390254  0.901629 -0.186462 0.0534238
-0.352622 0.0407121   0.93488 0.0419001
        0         0         0         1
           1  0.000112072  9.77218e-05 -8.20011e-05
-0.000112019            1 -4.34816e-05   3.9041e-06
-9.76622e-05   4.3422e-05            1  -1.2219e-05
           0            0            0            1
