 0.752105  0.447754  0.483585 -0.370808
-0.345737  0.892753 -0.288892  0.169717
-0.561075 0.0500838  0.826248 0.0960295
        0         0         0         1
 0.850358  0.430797  0.302168 -0.220926
-0.390417  0.901531 -0.186591  0.053427
-0.352797 0.0406973  0.934814 0.0419249
        0         0         0         1
           1  0.000260092  9.87649e-05 -0.000143021
-0.000260185            1 -2.89977e-05 -2.50936e-05
-9.87947e-05  2.90126e-05            1 -1.07288e-05
           0            0            0            1
