 0.752199  0.447559  0.483618 -0.370707
-0.345517  0.892844 -0.288871  0.169666
-0.561082 0.0501906  0.826237 0.0960111
        0         0         0         1
 0.850558  0.430539  0.301972  -0.22082
-0.390094  0.901638 -0.186748 0.0534013
-0.352671 0.0410426  0.934846 0.0418018
        0         0         0         1
           1  0.000220638  0.000118494 -5.80475e-05
 -0.00022072            1  -9.6634e-05  2.98023e-06
-0.000118464  9.65893e-05            1 -2.12789e-05
           0            0            0            1
