 0.752266  0.447545  0.483529 -0.370669
-0.345657  0.892862 -0.288649  0.169658
-0.560908 0.0500059  0.826367 0.0960363
        0         0         0         1
 0.850522  0.430549   0.30206  -0.22078
-0.390194  0.901647 -0.186498 0.0534168
-0.352648 0.0407588  0.934868 0.0418923
        0         0         0         1
           1 -9.36389e-05  2.79248e-05  3.25218e-05
 9.37916e-05            1  8.87662e-05  1.07288e-05
-2.78354e-05 -8.88109e-05            1  3.44515e-05
           0            0            0            1
