 0.752319  0.447421   0.48356   -0.3707
-0.345389  0.892909 -0.288825  0.169594
-0.561002 0.0502722  0.826287 0.0959313
        0         0         0         1
 0.850655  0.430357  0.301959 -0.220757
-0.389989  0.901731 -0.186519 0.0533711
-0.352555 0.0409026  0.934897 0.0417893
        0         0         0         1
           1 -0.000125807 -6.34789e-06    4.711e-05
  0.00012571            1  7.89613e-05  1.46031e-06
 6.34789e-06 -7.89165e-05            1  2.93255e-05
           0            0            0            1
