  0.75215   0.44771  0.483557 -0.370761
-0.345685  0.892773 -0.288892  0.169688
-0.561046  0.050132  0.826265 0.0959899
        0         0         0         1
 0.850506  0.430605  0.302027 -0.220847
-0.390251   0.90162 -0.186509 0.0533912
-0.352625   0.04076  0.934877 0.0418924
        0         0         0         1
           1  3.59043e-05 -1.91331e-05 -3.74764e-05
 -3.5692e-05            1  0.000156194 -4.12762e-05
 1.91927e-05 -0.000156254            1  6.90222e-05
           0            0            0            1
