 0.752175  0.447633   0.48359 -0.370678
-0.345718   0.89282 -0.288706  0.169662
-0.560993 0.0499717  0.826312 0.0960628
        0         0         0         1
 0.850399  0.430781  0.302074 -0.220845
-0.390371  0.901532 -0.186682 0.0534376
-0.352749 0.0408334  0.934827 0.0418561
        0         0         0         1
           1  0.000237994  7.33137e-06 -7.01696e-05
-0.000237968            1 -2.47955e-05  4.73857e-06
-7.33137e-06  2.47657e-05            1 -1.67489e-05
           0            0            0            1
