 0.752262  0.447351  0.483714 -0.370654
-0.345347  0.892951 -0.288746  0.169563
-0.561104 0.0501634  0.826224 0.0960563
        0         0         0         1
 0.850523  0.430474  0.302165 -0.220771
-0.390059  0.901677 -0.186635 0.0533609
-0.352796 0.0408749  0.934807 0.0418708
        0         0         0         1
           1 -0.000292886 -8.40425e-05  0.000115409
 0.000292767            1  8.32677e-05 -3.77297e-05
 8.40425e-05 -8.32826e-05            1  7.65324e-05
           0            0            0            1
