 0.752224  0.447543  0.483595 -0.370689
 -0.34555  0.892856 -0.288796  0.169652
-0.561029 0.0501325  0.826276 0.0960013
        0         0         0         1
 0.850507  0.430518  0.302144  -0.22078
 -0.39021  0.901668 -0.186362 0.0533591
-0.352666 0.0406021  0.934868 0.0419419
        0         0         0         1
           1 -0.000130486  2.59578e-05  3.54797e-05
 0.000130594            1 -3.74168e-05 -1.44839e-05
-2.59578e-05   3.7387e-05            1 -2.76566e-05
           0            0            0            1
