 0.752252  0.447511  0.483582 -0.370683
-0.345425  0.892862 -0.288925  0.169663
 -0.56107 0.0503028  0.826239 0.0959759
        0         0         0         1
 0.850492  0.430582  0.302096 -0.220821
-0.390131  0.901621 -0.186756 0.0534204
 -0.35279 0.0409774  0.934805 0.0417951
        0         0         0         1
           1  1.86265e-08  -1.5825e-05  1.29566e-05
 1.30385e-07            1 -6.59972e-05  2.40505e-05
 1.58548e-05  6.59674e-05            1 -4.24385e-05
           0            0            0            1
