 0.752063  0.447747  0.483657 -0.370809
-0.345782  0.892764 -0.288804  0.169733
-0.561102 0.0499587  0.826237 0.0960494
        0         0         0         1
 0.850443  0.430769  0.301968 -0.220915
-0.390348  0.901534 -0.186722 0.0534366
-0.352668 0.0409237  0.934853 0.0418512
        0         0         0         1
           1  1.77659e-05 -3.40939e-05  -8.5853e-05
-1.77138e-05            1  1.73748e-05  7.36117e-06
 3.40939e-05  -1.7345e-05            1 -2.12193e-05
           0            0            0            1
