 0.752058  0.447801  0.483615 -0.370746
-0.345722  0.892726 -0.288992  0.169681
-0.561147 0.0501425  0.826196 0.0960533
        0         0         0         1
 0.850472  0.430644  0.302064 -0.220816
-0.390153  0.901586 -0.186876  0.053387
-0.352814 0.0410817  0.934791 0.0417854
        0         0         0         1
           1 -7.81193e-05  6.33299e-05  6.00219e-05
 7.82609e-05            1 -0.000110716 -3.30806e-05
-6.33299e-05  0.000110641            1 -2.98023e-07
           0            0            0            1
