  0.75227  0.447403  0.483654 -0.370701
-0.345478  0.892931  -0.28865  0.169598
-0.561012  0.050051  0.826293  0.096032
        0         0         0         1
 0.850436  0.430755  0.302008 -0.220891
-0.390407   0.90155 -0.186521  0.053418
 -0.35262 0.0407177  0.934881 0.0418855
        0         0         0         1
           1  5.87478e-05 -3.57032e-05 -2.76715e-05
-5.87031e-05            1   0.00013867 -1.36793e-05
  3.5733e-05 -0.000138655            1  6.67572e-05
           0            0            0            1
