 0.752153  0.447696  0.483564 -0.370725
-0.345563   0.89277 -0.289048  0.169695
-0.561117 0.0503066  0.826207 0.0959672
        0         0         0         1
 0.850508  0.430583  0.302052  -0.22081
-0.390098  0.901616 -0.186851 0.0534196
 -0.35279 0.0410887  0.934801 0.0417462
        0         0         0         1
           1 -9.23052e-05  5.51343e-06  6.30692e-05
 9.23686e-05            1 -8.02577e-05   1.2517e-06
-5.54323e-06  8.02577e-05            1 -2.22325e-05
           0            0            0            1
