 0.752193  0.447591    0.4836  -0.37071
-0.345625  0.892836 -0.288769  0.169644
-0.561026 0.0500655  0.826283 0.0960437
        0         0         0         1
 0.850429  0.430638  0.302197 -0.220854
-0.390243  0.901604 -0.186603 0.0533951
 -0.35282 0.0407619  0.934803 0.0419095
        0         0         0         1
           1  6.50436e-06  9.28044e-05 -6.21378e-06
-6.54161e-06            1  6.24359e-05 -1.97887e-05
-9.27746e-05 -6.24657e-05            1  3.14116e-05
           0            0            0            1
