 0.752183  0.447537  0.483664 -0.370646
-0.345526   0.89286 -0.288814  0.169601
-0.561099 0.0501228   0.82623 0.0960512
        0         0         0         1
 0.850413  0.430796  0.302015 -0.220846
-0.390287  0.901512 -0.186954 0.0534047
-0.352809 0.0411159  0.934792 0.0417747
        0         0         0         1
           1  8.26977e-05  0.000125974 -2.02805e-05
-8.24928e-05            1  -0.00013943 -5.63264e-06
-0.000125885  0.000139371            1 -1.34706e-05
           0            0            0            1
