 0.752175  0.447661  0.483563 -0.370771
-0.345603  0.892793 -0.288929  0.169637
-0.561063 0.0502041  0.826249 0.0959765
        0         0         0         1
 0.850523  0.430656  0.301903 -0.220857
-0.390202  0.901581 -0.186799 0.0533806
-0.352636 0.0410732  0.934859 0.0417463
        0         0         0         1
           1 -4.52325e-05 -6.01411e-05  2.67029e-05
 4.50723e-05            1 -0.000172853  -6.4671e-06
 6.00815e-05  0.000172883            1 -6.22272e-05
           0            0            0            1
