 0.752231  0.447608  0.483524 -0.370729
 -0.34548  0.892811 -0.289021   0.16968
-0.561064 0.0503624  0.826239 0.0959479
        0         0         0         1
 0.850511   0.43068  0.301903 -0.220885
-0.390215  0.901568 -0.186834 0.0534396
-0.352652 0.0410972  0.934852 0.0417455
        0         0         0         1
           1 -7.05943e-05  4.35114e-06 -1.09524e-06
  7.0475e-05            1 -7.65026e-05  2.43485e-05
-4.41074e-06  7.65175e-05            1 -5.20945e-05
           0            0            0            1
