 0.752148  0.447396  0.483851 -0.370685
-0.345498  0.892943 -0.288589  0.169584
-0.561164  0.049892    0.8262 0.0960807
        0         0         0         1
 0.850509  0.430572  0.302064 -0.220876
-0.390136  0.901626  -0.18672 0.0533981
-0.352745 0.0409613  0.934822 0.0418046
        0         0         0         1
           1 -0.000233397   6.4373e-05  8.65161e-05
  0.00023343            1 -4.69983e-05  1.68681e-05
-6.42538e-05  4.69983e-05            1 -2.59876e-05
           0            0            0            1
