 0.752052  0.447876  0.483554 -0.370763
-0.345853  0.892693 -0.288937  0.169767
-0.561073 0.0500575  0.826251 0.0960116
        0         0         0         1
  0.85043  0.430731  0.302059 -0.220872
-0.390306  0.901553 -0.186717 0.0534631
-0.352747 0.0408939  0.934825 0.0418321
        0         0         0         1
           1  0.000100888  2.43485e-05 -3.39895e-05
-0.000100855            1  3.60608e-05  1.23382e-05
-2.43187e-05 -3.60757e-05            1  2.12789e-05
           0            0            0            1
