 0.752096  0.447715  0.483636 -0.370727
-0.345761  0.892779 -0.288782  0.169657
-0.561072 0.0499693  0.826257  0.096048
        0         0         0         1
 0.850436  0.430726   0.30205 -0.220873
-0.390301  0.901556 -0.186714  0.053408
-0.352737 0.0408981  0.934829 0.0418434
        0         0         0         1
           1  0.000189114  0.000103265 -4.75943e-05
-0.000188984            1  9.61125e-05 -2.96831e-05
-0.000103205 -9.60976e-05            1  2.50936e-05
           0            0            0            1
