  0.75225   0.44746  0.483632 -0.370709
-0.345459  0.892896 -0.288782  0.169609
-0.561051 0.0501612   0.82626 0.0959997
        0         0         0         1
 0.850515  0.430634  0.301959 -0.220877
-0.390228  0.901598 -0.186662 0.0534324
-0.352629 0.0409262  0.934868 0.0418563
        0         0         0         1
           1 -1.52737e-07  3.36766e-06  2.82377e-06
 3.27826e-07            1  2.86102e-05   2.0206e-05
-3.33786e-06 -2.86102e-05            1  1.48416e-05
           0            0            0            1
