 0.752027  0.447713  0.483745 -0.370704
-0.345699  0.892778 -0.288857  0.169694
-0.561202 0.0499982  0.826167  0.096107
        0         0         0         1
 0.850561  0.430574  0.301913 -0.220789
-0.390139  0.901622 -0.186734 0.0533751
-0.352614 0.0410409  0.934868 0.0418274
        0         0         0         1
           1  3.07113e-05  5.61178e-05   1.4402e-05
-3.06033e-05            1  1.70469e-05 -3.57628e-07
-5.61774e-05 -1.71214e-05            1  3.66569e-05
           0            0            0            1
