 0.752098  0.447748  0.483601 -0.370785
-0.345649  0.892749 -0.289008  0.169722
-0.561137 0.0502055  0.826199 0.0959926
        0         0         0         1
 0.850485  0.430746  0.301884 -0.220924
-0.390281  0.901538 -0.186845 0.0534436
-0.352643 0.0410892  0.934856 0.0417584
        0         0         0         1
           1 -7.18869e-05 -4.45843e-05 -1.36793e-05
 7.18869e-05            1 -6.44475e-05 -1.63913e-06
 4.45545e-05  6.44177e-05            1 -2.46763e-05
           0            0            0            1
