 0.752154  0.447774   0.48349 -0.370794
-0.345698  0.892735 -0.288993  0.169735
-0.561032 0.0502254  0.826269 0.0959624
        0         0         0         1
 0.850371   0.43091  0.301968 -0.220934
-0.390507   0.90147 -0.186699 0.0534615
-0.352666 0.0408426  0.934857 0.0418327
        0         0         0         1
           1  6.06701e-05 -2.35438e-06 -5.82635e-06
-6.07483e-05            1 -2.81632e-05  6.82473e-06
 2.38419e-06  2.81781e-05            1  -1.8537e-05
           0            0            0            1
