 0.752171  0.447621  0.483605 -0.370689
-0.345601  0.892816 -0.288857  0.169655
-0.561069 0.0501357  0.826249 0.0960113
        0         0         0         1
 0.850424  0.430771  0.302019 -0.220877
-0.390342  0.901533 -0.186739 0.0534055
-0.352722 0.0409163  0.934833  0.041847
        0         0         0         1
           1  4.68381e-05 -4.38094e-06  8.16584e-06
-4.70914e-05            1 -0.000190109  1.78814e-06
 4.29153e-06  0.000190154            1 -3.73721e-05
           0            0            0            1
