 0.752137  0.447639  0.483642 -0.370752
-0.345725  0.892819 -0.288702  0.169664
-0.561039 0.0499365  0.826282 0.0960698
        0         0         0         1
 0.850495  0.430681  0.301947  -0.22089
-0.390279  0.901577 -0.186658 0.0534291
-0.352619 0.0409083  0.934873 0.0418337
        0         0         0         1
           1   4.7449e-05 -5.23925e-05 -7.02664e-05
-4.73894e-05            1  6.83069e-05  1.17421e-05
 5.24521e-05 -6.83218e-05            1 -1.01328e-06
           0            0            0            1
