 0.752177  0.447693  0.483529 -0.370714
-0.345673   0.89278 -0.288885  0.169697
-0.561017 0.0501499  0.826284 0.0960133
        0         0         0         1
 0.850476  0.430785  0.301853  -0.22089
-0.390345  0.901521 -0.186789  0.053436
-0.352592 0.0410325  0.934877 0.0418279
        0         0         0         1
           1  2.06642e-05  -1.2815e-06 -8.84384e-06
-2.08281e-05            1  0.000125259   1.3411e-06
  1.2517e-06 -0.000125214            1  5.68032e-05
           0            0            0            1
