 0.752077  0.447777  0.483608 -0.370746
-0.345683  0.892736 -0.289007  0.169695
-0.561145   0.05018  0.826195 0.0959795
        0         0         0         1
 0.850503   0.43062  0.302014 -0.220836
-0.390203  0.901605 -0.186681 0.0533915
-0.352686 0.0409262  0.934847 0.0418245
        0         0         0         1
           1  6.18286e-05  6.68168e-05 -1.09896e-05
-6.17877e-05            1  0.000120789 -3.04282e-05
-6.67572e-05 -0.000120804            1  4.50611e-05
           0            0            0            1
