  0.75221  0.447657  0.483512 -0.370743
-0.345682  0.892801 -0.288809  0.169694
-0.560967 0.0501035  0.826321 0.0959553
        0         0         0         1
 0.850531   0.43064  0.301903 -0.220837
-0.390279  0.901599 -0.186549 0.0534157
-0.352531 0.0408392  0.934909 0.0418396
        0         0         0         1
           1 -0.000110302 -0.000119358  5.92694e-05
 0.000110269            1  0.000122249  7.80821e-06
 0.000119239 -0.000122234            1  4.40478e-05
           0            0            0            1
