 0.752122  0.447511  0.483783 -0.370671
 -0.34549  0.892875 -0.288809  0.169663
-0.561203 0.0500771  0.826162 0.0960235
        0         0         0         1
 0.850478   0.43056  0.302167 -0.220832
-0.390131  0.901635 -0.186684  0.053389
-0.352823 0.0408859  0.934796 0.0418248
        0         0         0         1
           1  2.46018e-05  0.000168979   1.2368e-06
 -2.4531e-05            1 -0.000140786  1.40667e-05
-0.000168949  0.000140697            1 -5.90682e-05
           0            0            0            1
