 0.752098  0.447648  0.483693 -0.370712
-0.345553    0.8928 -0.288965  0.169702
-0.561196 0.0501879   0.82616 0.0960453
        0         0         0         1
 0.850462  0.430674   0.30205 -0.220831
-0.390221  0.901577 -0.186781 0.0533853
-0.352762 0.0409836  0.934815 0.0418338
        0         0         0         1
           1  0.000155523  0.000150323 -1.98931e-05
-0.000155631            1  8.49068e-05 -9.83477e-07
-0.000150263 -8.49068e-05            1  4.34518e-05
           0            0            0            1
