 0.752252  0.447498  0.483593 -0.370683
 -0.34548  0.892875  -0.28882  0.169624
-0.561034 0.0501936   0.82627 0.0959926
        0         0         0         1
  0.85041  0.430795  0.302024 -0.220875
-0.390352  0.901521 -0.186777 0.0534286
-0.352743 0.0409415  0.934824 0.0418191
        0         0         0         1
           1   -0.0001534  6.23465e-05  7.70465e-05
  0.00015359            1 -9.35793e-06 -1.07884e-05
-6.22571e-05  9.31323e-06            1  9.35793e-06
           0            0            0            1
