 0.752201  0.447588  0.483589 -0.370721
-0.345507  0.892826 -0.288939  0.169709
-0.561087 0.0502562   0.82623 0.0959748
        0         0         0         1
 0.850483  0.430766   0.30186 -0.220908
-0.390315  0.901529 -0.186815 0.0534399
-0.352609 0.0410622  0.934869 0.0417581
        0         0         0         1
           1  0.000103336  3.36766e-06 -5.93811e-05
-0.000103552            1 -2.70158e-05 -2.72989e-05
-3.39746e-06  2.70605e-05            1 -4.10676e-05
           0            0            0            1
