 0.752159  0.447622  0.483623 -0.370709
-0.345513  0.892809 -0.288985  0.169658
 -0.56114 0.0502647  0.826194 0.0959803
        0         0         0         1
 0.850518  0.430576  0.302032 -0.220798
-0.390135  0.901623 -0.186736 0.0534133
-0.352723 0.0409893  0.934829 0.0418139
        0         0         0         1
           1 -5.27911e-05 -0.000105143 -3.74019e-06
 5.26831e-05            1  -9.4831e-05  -1.2517e-05
 0.000105023  9.48459e-05            1 -1.51396e-05
           0            0            0            1
