 0.752289  0.447398  0.483628 -0.370723
-0.345417  0.892927 -0.288735  0.169605
-0.561024 0.0501586  0.826279 0.0960139
        0         0         0         1
 0.850549  0.430616  0.301887  -0.22089
-0.390159  0.901599 -0.186804 0.0533995
-0.352622 0.0411023  0.934863 0.0417649
        0         0         0         1
           1 -2.70121e-05 -4.79221e-05 -6.22794e-05
 2.71462e-05            1 -0.000131756 -1.53184e-05
 4.80115e-05  0.000131756            1 -5.47171e-05
           0            0            0            1
