 0.752246  0.447556   0.48355 -0.370748
-0.345448  0.892838 -0.288973  0.169652
-0.561063 0.0503378  0.826241  0.095946
        0         0         0         1
 0.850496   0.43062  0.302033 -0.220868
-0.390175  0.901602 -0.186754    0.0534
-0.352734 0.0409875  0.934826 0.0418045
        0         0         0         1
           1  1.61678e-06 -1.32322e-05  2.32533e-05
-1.61678e-06            1 -5.40763e-05 -9.11951e-06
 1.32322e-05  5.41061e-05            1 -1.19805e-05
           0            0            0            1
