 0.752172   0.44759  0.483633 -0.370755
-0.345562  0.892832 -0.288856  0.169663
-0.561092 0.0501441  0.826234  0.096008
        0         0         0         1
 0.850534  0.430609  0.301942 -0.220846
-0.390157  0.901604 -0.186784 0.0534016
-0.352663 0.0410612   0.93485 0.0417739
        0         0         0         1
           1 -5.42626e-05 -1.22488e-05  1.68383e-06
 5.43408e-05            1 -8.76486e-05   5.1558e-06
 1.21891e-05  8.76188e-05            1 -4.20213e-05
           0            0            0            1
