 0.752161  0.447645  0.483599 -0.370708
-0.345637  0.892806 -0.288846  0.169702
-0.561061 0.0501088  0.826256  0.096036
        0         0         0         1
 0.850573  0.430572  0.301885 -0.220828
-0.390155  0.901624  -0.18669 0.0534306
 -0.35257 0.0410111  0.934887 0.0418012
        0         0         0         1
           1  4.70132e-05 -3.21865e-05  5.10812e-05
-4.69163e-05            1 -5.06341e-05   3.1054e-05
 3.22461e-05  5.05596e-05            1  1.18613e-05
           0            0            0            1
