 0.752091  0.447592  0.483756 -0.370685
-0.345502   0.89283 -0.288934  0.169666
-0.561237  0.050166  0.826133 0.0960597
        0         0         0         1
 0.850377  0.430802  0.302106 -0.220887
-0.390325  0.901516 -0.186858   0.05345
-0.352852 0.0409804  0.934781 0.0417886
        0         0         0         1
           1  4.66406e-06  0.000158697  3.08231e-05
-4.67524e-06            1 -0.000118479  3.69251e-05
-0.000158697  0.000118464            1 -6.02603e-05
           0            0            0            1
