 0.752229  0.447608  0.483527 -0.370753
-0.345474   0.89281  -0.28903  0.169648
 -0.56107 0.0503704  0.826234 0.0959644
        0         0         0         1
 0.850481  0.430675  0.301995 -0.220909
-0.390194  0.901571 -0.186864 0.0534095
-0.352747 0.0410877  0.934816 0.0417817
        0         0         0         1
           1  -0.00011149 -0.000120819  2.34544e-05
 0.000111636            1 -0.000121623 -2.04146e-05
 0.000120848  0.000121549            1 -6.25849e-06
           0            0            0            1
