 0.752192  0.447595  0.483597 -0.370751
-0.345555  0.892827 -0.288879  0.169646
-0.561069 0.0501836  0.826246 0.0959664
        0         0         0         1
 0.850605  0.430467  0.301943 -0.220806
-0.390079  0.901678  -0.18659 0.0533996
-0.352576 0.0409321  0.934887 0.0418217
        0         0         0         1
           1 -2.29031e-05 -2.95937e-05 -2.25529e-05
 2.28435e-05            1 -0.000135571   1.2368e-05
 2.95937e-05  0.000135526            1 -8.38637e-05
           0            0            0            1
