 0.752177  0.447767  0.483461 -0.370787
-0.345635  0.892732 -0.289078  0.169708
-0.561041 0.0503364  0.826256 0.0959458
        0         0         0         1
 0.850438  0.430746  0.302014  -0.22087
-0.390309  0.901544 -0.186756 0.0534082
-0.352724  0.040946  0.934831  0.041812
        0         0         0         1
           1 -6.28866e-05 -8.56519e-05 -1.24425e-06
 6.31139e-05            1  3.62098e-06    2.563e-06
 8.56519e-05 -3.66569e-06            1 -2.39015e-05
           0            0            0            1
