 0.752223  0.447552  0.483589 -0.370701
-0.345563  0.892852 -0.288794  0.169642
-0.561024 0.0501267   0.82628 0.0960126
        0         0         0         1
 0.850461    0.4307  0.302015  -0.22088
-0.390193  0.901557 -0.186932 0.0534056
-0.352795 0.0411344  0.934796 0.0417601
        0         0         0         1
           1  5.67771e-05 -0.000151277 -2.67923e-05
-5.69038e-05            1  6.58631e-05 -2.70307e-05
 0.000151277 -6.58333e-05            1  4.26173e-05
           0            0            0            1
