 0.752267    0.4475  0.483569 -0.370707
-0.345582  0.892883 -0.288677  0.169646
-0.560953 0.0500491  0.826334 0.0960257
        0         0         0         1
 0.850467  0.430746  0.301934 -0.220916
-0.390338  0.901545  -0.18669 0.0534293
-0.352623  0.040918  0.934871 0.0418282
        0         0         0         1
           1  0.000113919  0.000173092 -7.49379e-05
-0.000113677            1   1.3411e-06 -1.84774e-05
-0.000173032 -1.46031e-06            1 -3.03984e-06
           0            0            0            1
