 0.752097  0.447731   0.48362 -0.370755
-0.345775  0.892771 -0.288791  0.169713
-0.561062 0.0499752  0.826264 0.0960419
        0         0         0         1
 0.850456  0.430747  0.301962 -0.220868
-0.390365  0.901548 -0.186617 0.0534443
-0.352618 0.0408344  0.934876 0.0418456
        0         0         0         1
           1  8.55029e-05  7.17044e-05 -7.97212e-06
-8.54731e-05            1  0.000189692 -1.51992e-06
 -7.1615e-05 -0.000189722            1  7.92146e-05
           0            0            0            1
