 0.752198  0.447501  0.483675 -0.370721
-0.345512  0.892879  -0.28877    0.1696
-0.561089 0.0500963  0.826239 0.0960615
        0         0         0         1
 0.850549   0.43054  0.301997 -0.220869
-0.390106   0.90164 -0.186715 0.0533735
-0.352681 0.0409998  0.934845  0.041806
        0         0         0         1
           1 -0.000116367 -7.28369e-05  3.61577e-05
 0.000116523            1 -0.000164464 -2.98023e-07
 7.28369e-05  0.000164464            1 -3.67165e-05
           0            0            0            1
