 0.752116  0.447703  0.483615 -0.370733
-0.345742  0.892784 -0.288791  0.169717
-0.561056 0.0499983  0.826266 0.0960237
        0         0         0         1
 0.850457  0.430595  0.302177 -0.220807
-0.390259   0.90163 -0.186445 0.0534134
-0.352734 0.0406366  0.934841 0.0419513
        0         0         0         1
           1  4.91589e-05  0.000113279   2.5712e-05
-4.91738e-05            1  0.000196993  3.31104e-05
-0.000113249 -0.000197008            1  5.73397e-05
           0            0            0            1
