 0.752195  0.447592  0.483595 -0.370711
 -0.34557   0.89283 -0.288851  0.169674
-0.561056 0.0501567  0.826257 0.0960391
        0         0         0         1
 0.850546  0.430551  0.301989 -0.220812
-0.390196  0.901644  -0.18651 0.0534015
-0.352589 0.0408008  0.934889  0.041922
        0         0         0         1
           1  3.02866e-06  2.92063e-06 -2.70009e-05
-2.79397e-06            1  0.000125244  1.49012e-06
-2.80142e-06 -0.000125304            1   7.2062e-05
           0            0            0            1
