 0.752135  0.447647  0.483637 -0.370755
-0.345621  0.892805  -0.28887  0.169702
-0.561105 0.0501139  0.826226 0.0960165
        0         0         0         1
 0.850452  0.430737  0.301987 -0.220914
 -0.39039  0.901558 -0.186521 0.0534613
  -0.3526 0.0407341  0.934887 0.0419132
        0         0         0         1
           1  0.000103448 -2.33948e-05 -5.00754e-05
-0.000103723            1 -0.000137642  1.18613e-05
  2.3365e-05  0.000137687            1 -6.93202e-05
           0            0            0            1
