 0.752342  0.447355  0.483586 -0.370689
-0.345531   0.89296 -0.288496  0.169583
-0.560883 0.0499538  0.826387 0.0959902
        0         0         0         1
 0.850529  0.430541  0.302052 -0.220809
-0.390251  0.901658 -0.186327 0.0533879
-0.352569 0.0406003  0.934905 0.0419343
        0         0         0         1
           1 -0.000223126  4.30644e-05  6.35758e-05
 0.000223078            1  0.000106871  2.65241e-06
 -4.3124e-05 -0.000106782            1  6.41346e-05
           0            0            0            1
