 0.752333  0.447468  0.483494 -0.370724
-0.345494   0.89289 -0.288758  0.169614
-0.560917 0.0501981  0.826348  0.095977
        0         0         0         1
 0.850601  0.430496  0.301912 -0.220837
-0.390122  0.901665 -0.186562 0.0533681
-0.352537 0.0409076  0.934903 0.0418636
        0         0         0         1
           1 -8.39829e-05 -6.68466e-05 -8.04663e-07
 8.37669e-05            1 -9.46969e-05 -6.97374e-06
 6.68466e-05  9.47416e-05            1 -2.98023e-06
           0            0            0            1
