 0.752328  0.447378  0.483586 -0.370743
-0.345505  0.892945 -0.288575  0.169593
-0.560918 0.0500218  0.826359 0.0960464
        0         0         0         1
 0.850586  0.430461  0.302004 -0.220865
-0.390168  0.901693 -0.186332 0.0533887
-0.352524 0.0406587  0.934919 0.0419368
        0         0         0         1
           1  5.39832e-05  2.92361e-05 -6.64815e-05
-5.39534e-05            1  5.57303e-06 -1.92523e-05
-2.92957e-05 -5.58794e-06            1  7.15256e-06
           0            0            0            1
