 0.752397   0.44734  0.483515 -0.370688
-0.345476  0.892962 -0.288558  0.169619
-0.560844 0.0500671  0.826406 0.0959859
        0         0         0         1
 0.850524  0.430625  0.301948 -0.220843
-0.390273  0.901609 -0.186515  0.053438
-0.352557  0.040793  0.934901 0.0418489
        0         0         0         1
           1  -9.3624e-05 -6.70254e-05  9.84967e-06
  9.3624e-05            1 -0.000112891  2.33948e-05
 6.70552e-05  0.000112876            1 -4.89354e-05
           0            0            0            1
