 0.752238  0.447622    0.4835 -0.370715
-0.345646  0.892816 -0.288803  0.169623
-0.560952 0.0501281   0.82633 0.0960129
        0         0         0         1
 0.850538  0.430538  0.302031 -0.220783
-0.390187  0.901651 -0.186491 0.0533796
-0.352618 0.0407691  0.934878 0.0418989
        0         0         0         1
           1  4.17829e-05  0.000148296  2.82601e-05
-4.16711e-05            1 -0.000131518 -1.37687e-05
-0.000148296  0.000131503            1   -3.016e-05
           0            0            0            1
