 0.752099  0.447726  0.483621  -0.37073
 -0.34571  0.892768 -0.288878  0.169671
-0.561099 0.0500726  0.826232 0.0960405
        0         0         0         1
 0.850404  0.430688  0.302193 -0.220837
-0.390348  0.901587 -0.186465 0.0534249
-0.352762 0.0406103  0.934832 0.0419711
        0         0         0         1
           1  0.000132967  8.41916e-05 -1.34557e-05
-0.000132937            1 -1.37985e-05 -2.50638e-05
-8.42512e-05  1.37836e-05            1  1.54376e-05
           0            0            0            1
