  0.75229  0.447587  0.483452 -0.370718
-0.345629  0.892833 -0.288773  0.169651
-0.560893 0.0501455  0.826368 0.0959845
        0         0         0         1
 0.850581  0.430444  0.302043 -0.220752
-0.390057  0.901691 -0.186572  0.053416
-0.352659  0.040881  0.934859 0.0418499
        0         0         0         1
           1 -0.000105381  3.40343e-05  6.41644e-05
 0.000105299            1 -0.000129208  9.74536e-06
-3.40343e-05  0.000129268            1 -4.72665e-05
           0            0            0            1
