 0.752235  0.447444  0.483669 -0.370681
-0.345523  0.892912 -0.288655  0.169605
-0.561031 0.0500177  0.826282 0.0960255
        0         0         0         1
 0.850492  0.430565  0.302122 -0.220805
-0.390224  0.901642 -0.186459 0.0534157
-0.352688 0.0406863  0.934856 0.0419057
        0         0         0         1
           1  2.98955e-05  8.36253e-05  2.72021e-05
 -3.0037e-05            1 -0.000163525  1.45733e-05
-8.36551e-05  0.000163585            1 -7.72476e-05
           0            0            0            1
