 0.752427  0.447248  0.483552 -0.370682
-0.345301  0.892999 -0.288653  0.169572
-0.560911  0.050219  0.826351 0.0959611
        0         0         0         1
 0.850579  0.430486  0.301989 -0.220788
-0.390118  0.901673 -0.186534 0.0533668
-0.352596 0.0408502  0.934884 0.0418594
        0         0         0         1
           1 -0.000168141 -6.53267e-05  4.62383e-05
 0.000168052            1  8.77976e-05 -3.04282e-05
 6.52671e-05  -8.7738e-05            1  4.97103e-05
           0            0            0            1
