 0.752344  0.447312  0.483622 -0.370692
 -0.34537  0.892971 -0.288656  0.169567
 -0.56098 0.0501403   0.82631 0.0960137
        0         0         0         1
 0.850624   0.43043  0.301942 -0.220773
-0.390098  0.901701 -0.186436 0.0533595
-0.352509 0.0408001  0.934918 0.0418583
        0         0         0         1
           1 -0.000300307 -0.000156522  6.66752e-05
 0.000300482            1   6.8292e-05  1.15037e-05
 0.000156522 -6.84261e-05            1  2.77758e-05
           0            0            0            1
