 0.752359  0.447484   0.48344 -0.370718
-0.345543  0.892884 -0.288719  0.169633
-0.560853 0.0501709  0.826394 0.0959818
        0         0         0         1
 0.850579  0.430542  0.301909 -0.220818
-0.390193  0.901647 -0.186503 0.0533858
-0.352512 0.0408327  0.934916 0.0418499
        0         0         0         1
           1  0.000168391  1.38581e-05 -5.44041e-05
-0.000168387            1 -1.32471e-05  1.54078e-05
-1.38283e-05  1.31875e-05            1 -3.38554e-05
           0            0            0            1
