 0.752241  0.447542  0.483571 -0.370698
-0.345712   0.89287  -0.28856  0.169632
-0.560908 0.0498901  0.826374 0.0960836
        0         0         0         1
 0.850469  0.430682  0.302019 -0.220846
-0.390339  0.901585 -0.186493 0.0533928
-0.352615 0.0407169  0.934882 0.0419397
        0         0         0         1
           1   2.9318e-06  4.79817e-06 -1.29715e-05
-2.97278e-06            1  3.12179e-05  4.41074e-06
-4.76837e-06 -3.12328e-05            1  4.05908e-05
           0            0            0            1
