 0.752155  0.447695  0.483561 -0.370732
-0.345773  0.892789 -0.288738  0.169686
-0.560984 0.0499732  0.826317 0.0960384
        0         0         0         1
 0.850642  0.430371  0.301974 -0.220716
-0.390081  0.901734 -0.186313 0.0533715
-0.352484 0.0406915  0.934933 0.0419234
        0         0         0         1
           1  3.70406e-05 -3.91304e-05  4.26173e-06
-3.71039e-05            1  7.62194e-05 -5.60284e-06
 3.91304e-05 -7.61747e-05            1  5.71609e-05
           0            0            0            1
