 0.752292  0.447434   0.48359 -0.370688
 -0.34559  0.892921 -0.288548  0.169626
-0.560914 0.0499484  0.826366 0.0960184
        0         0         0         1
 0.850562  0.430412  0.302141 -0.220761
-0.390118  0.901719 -0.186306 0.0533744
-0.352635 0.0405939   0.93488 0.0419633
        0         0         0         1
           1  0.000114974  0.000118613 -2.30744e-05
-0.000114962            1 -1.37985e-05 -1.84774e-06
-0.000118524  1.38134e-05            1 -1.52588e-05
           0            0            0            1
