 0.752246  0.447592  0.483516 -0.370741
-0.345689  0.892838 -0.288687   0.16966
-0.560915 0.0500175  0.826361 0.0959907
        0         0         0         1
 0.850489  0.430641  0.302022 -0.220823
-0.390308  0.901605 -0.186462 0.0534363
-0.352603 0.0407017  0.934887    0.0419
        0         0         0         1
           1   4.2364e-05  6.60419e-05  2.26498e-05
-4.23528e-05            1  1.20848e-05   3.9041e-06
-6.61016e-05 -1.21146e-05            1  2.09212e-05
           0            0            0            1
