 0.752347  0.447448  0.483492 -0.370736
-0.345472    0.8929 -0.288755  0.169612
-0.560913 0.0502104  0.826351  0.095944
        0         0         0         1
 0.850555  0.430578  0.301924 -0.220859
-0.390234  0.901631 -0.186492 0.0534173
-0.352523 0.0408006  0.934913 0.0418407
        0         0         0         1
           1 -5.04479e-05 -0.000141084 -3.67239e-05
 5.06081e-05            1  0.000121832  1.67489e-05
 0.000141144 -0.000121862            1   3.0458e-05
           0            0            0            1
