 0.752211  0.447604  0.483559 -0.370741
-0.345668  0.892831 -0.288732  0.169672
-0.560974 0.0500365   0.82632 0.0960098
        0         0         0         1
 0.850521  0.430521  0.302101 -0.220809
-0.390227  0.901667  -0.18633 0.0533999
-0.352613 0.0405896  0.934888 0.0419375
        0         0         0         1
           1  0.000112981  0.000148296 -1.73971e-05
-0.000112951            1  0.000113323 -3.50773e-05
-0.000148267 -0.000113338            1  2.77162e-05
           0            0            0            1
