 0.752224  0.447672  0.483476 -0.370735
-0.345767  0.892799 -0.288714  0.169674
-0.560896 0.0500076  0.826375 0.0960218
        0         0         0         1
 0.850506  0.430568  0.302077 -0.220828
-0.390244  0.901641  -0.18642 0.0534066
-0.352632 0.0406677  0.934878  0.041922
        0         0         0         1
           1 -3.54908e-05  2.25604e-05 -2.07126e-06
 3.55169e-05            1 -1.42455e-05  2.38419e-07
-2.25306e-05  1.42604e-05            1 -1.98483e-05
           0            0            0            1
