 0.752318  0.447423  0.483559 -0.370714
-0.345628  0.892929 -0.288476  0.169617
-0.560855 0.0498938  0.826409 0.0960438
        0         0         0         1
 0.850542    0.4306  0.301931 -0.220881
-0.390266  0.901621 -0.186471 0.0534295
-0.352522 0.0407682  0.934915 0.0418685
        0         0         0         1
           1  3.09013e-05 -8.46088e-05 -2.15918e-05
-3.10317e-05            1  0.000117168 -1.36197e-05
 8.45492e-05 -0.000117093            1  4.96507e-05
           0            0            0            1
