 0.752077  0.447854  0.483535 -0.370766
-0.345723  0.892694 -0.289091  0.169784
-0.561119 0.0502494  0.826208 0.0959495
        0         0         0         1
 0.850392  0.430809  0.302054 -0.220873
-0.390426  0.901522 -0.186617 0.0534653
-0.352704 0.0407679  0.934846 0.0418561
        0         0         0         1
           1  0.000154968  1.24574e-05 -8.37892e-05
-0.000155184            1  5.69224e-05  2.58386e-05
 -1.2517e-05 -5.68926e-05            1  2.86102e-06
           0            0            0            1
