 0.752294  0.447563  0.483469 -0.370715
-0.345612  0.892846 -0.288753  0.169655
-0.560898 0.0501343  0.826365 0.0959976
        0         0         0         1
 0.850507  0.430688  0.301902 -0.220846
 -0.39025  0.901568 -0.186765 0.0534255
-0.352622 0.0410281  0.934866 0.0418141
        0         0         0         1
           1  9.56766e-05  3.87728e-05  3.31551e-06
-9.55611e-05            1  1.36495e-05  2.80142e-05
 -3.8743e-05 -1.37091e-05            1  5.96046e-06
           0            0            0            1
