 0.752269  0.447553  0.483516  -0.37072
-0.345707  0.892862 -0.288591   0.16964
-0.560873 0.0499426  0.826394 0.0960485
        0         0         0         1
 0.850615  0.430492   0.30188 -0.220822
-0.390131  0.901668  -0.18653 0.0533853
-0.352495 0.0408921   0.93492 0.0418683
        0         0         0         1
           1 -9.80422e-05 -3.78191e-05  5.67138e-05
 9.81726e-05            1 -3.06517e-05 -1.03712e-05
 3.78191e-05  3.06368e-05            1 -4.29153e-06
           0            0            0            1
