 0.752319  0.447476   0.48351 -0.370701
-0.345488  0.892886 -0.288779  0.169646
-0.560941  0.050207  0.826332 0.0959913
        0         0         0         1
  0.85063  0.430494  0.301835 -0.220792
-0.390124  0.901665 -0.186558 0.0533832
-0.352466 0.0409386  0.934929 0.0418433
        0         0         0         1
           1 -1.07624e-05  -3.3021e-05  -1.1526e-05
 1.07847e-05            1  0.000115544 -2.31266e-05
 3.29912e-05 -0.000115529            1  4.50015e-05
           0            0            0            1
