 0.752256  0.447644  0.483451 -0.370716
 -0.34559  0.892798 -0.288929  0.169667
-0.560962 0.0502727  0.826314 0.0959478
        0         0         0         1
  0.85041   0.43077  0.302063  -0.22084
-0.390352  0.901537   -0.1867 0.0534323
-0.352745 0.0408603  0.934827 0.0418164
        0         0         0         1
           1  0.000250049  7.37906e-05 -5.61327e-05
-0.000250056            1 -0.000131086  -6.4671e-06
-7.37906e-05  0.000131071            1  -7.7188e-05
           0            0            0            1
