 0.752197  0.447596  0.483588 -0.370675
-0.345665  0.892836  -0.28872  0.169669
-0.560995 0.0500152  0.826306 0.0960175
        0         0         0         1
 0.850444  0.430711  0.302049 -0.220857
-0.390369  0.901572 -0.186494 0.0534499
-0.352644 0.0406926  0.934872  0.041907
        0         0         0         1
           1   9.7923e-05  5.21839e-05 -1.17719e-06
-9.80459e-05            1  3.97265e-05  1.65701e-05
-5.22137e-05 -3.96669e-05            1  1.33514e-05
           0            0            0            1
