  0.75227  0.447632  0.483443 -0.370785
-0.345553  0.892801 -0.288963  0.169639
-0.560967 0.0503229  0.826307 0.0959322
        0         0         0         1
 0.850584  0.430538  0.301902 -0.220839
  -0.3901  0.901638 -0.186738 0.0533681
-0.352604 0.0410647  0.934871 0.0417775
        0         0         0         1
           1  -5.4881e-05  -0.00010404  2.72542e-05
 5.47618e-05            1 -0.000277996 -1.41561e-05
  0.00010398  0.000278026            1  -8.9705e-05
           0            0            0            1
