 0.752158  0.447633  0.483615 -0.370671
-0.345691  0.892818 -0.288743  0.169723
-0.561031 0.0499992  0.826283 0.0960522
        0         0         0         1
  0.85053  0.430623  0.301932 -0.220811
-0.390219  0.901603 -0.186657 0.0534422
-0.352601  0.040938  0.934878 0.0418419
        0         0         0         1
           1 -4.44949e-05   -4.372e-05  1.92523e-05
 4.42713e-05            1  8.99434e-05  2.03252e-05
 4.36902e-05 -8.99136e-05            1  4.86374e-05
           0            0            0            1
