 0.752279  0.447475  0.483574 -0.370708
-0.345547  0.892894 -0.288683  0.169656
-0.560958 0.0500727  0.826328  0.096035
        0         0         0         1
 0.850418  0.430665  0.302186 -0.220874
-0.390336  0.901598 -0.186437 0.0534038
-0.352742 0.0405951   0.93484 0.0419507
        0         0         0         1
           1 -7.30045e-05  7.30455e-05  1.64211e-05
 7.29747e-05            1  0.000181496 -1.42753e-05
-7.29859e-05 -0.000181526            1  8.58903e-05
           0            0            0            1
