 0.752403  0.447284  0.483555 -0.370665
-0.345401  0.892988 -0.288567  0.169583
 -0.56088 0.0500981  0.826379     0.096
        0         0         0         1
 0.850603  0.430458  0.301961 -0.220824
-0.390117  0.901687 -0.186463 0.0533913
-0.352539 0.0408057  0.934907 0.0418691
        0         0         0         1
           1 -0.000151239 -5.00679e-06  4.05461e-05
 0.000150885            1 -1.49012e-05  3.51965e-05
 5.00679e-06  1.49608e-05            1  6.67572e-06
           0            0            0            1
