 0.752286  0.447395  0.483636 -0.370676
-0.345585  0.892944 -0.288482  0.169628
-0.560925 0.0498833  0.826362 0.0960609
        0         0         0         1
 0.850455  0.430642  0.302115 -0.220862
-0.390239  0.901599 -0.186636 0.0533926
 -0.35276 0.0408287  0.934823 0.0418906
        0         0         0         1
           1 -0.000120439  6.05583e-05  2.39685e-05
 0.000120502            1  0.000298887 -4.07398e-05
-6.06179e-05 -0.000298887            1  0.000124514
           0            0            0            1
