 0.752275   0.44749  0.483566 -0.370717
-0.345565  0.892887 -0.288684   0.16968
-0.560953 0.0500662  0.826333  0.096045
        0         0         0         1
 0.850568  0.430527  0.301963 -0.220813
 -0.39023  0.901661 -0.186355 0.0534076
-0.352499 0.0406726  0.934928 0.0419242
        0         0         0         1
           1 -5.82859e-05 -9.48906e-05  -2.8789e-05
 5.84014e-05            1  0.000107512 -2.03848e-05
  9.4831e-05 -0.000107482            1  6.72936e-05
           0            0            0            1
