 0.752215  0.447612  0.483544 -0.370746
-0.345671  0.892826 -0.288745  0.169648
-0.560967 0.0500512  0.826324  0.096026
        0         0         0         1
  0.85057  0.430541  0.301937 -0.220833
-0.390211   0.90165 -0.186448 0.0533809
-0.352515 0.0407676  0.934918 0.0418738
        0         0         0         1
           1  6.97523e-05  7.18534e-05  -3.4228e-05
-6.98119e-05            1  3.88026e-05 -3.86834e-05
-7.18236e-05 -3.88175e-05            1 -6.25849e-06
           0            0            0            1
