  0.972453  0.0144374   0.232652  -0.192144
-0.0103702   0.999772 -0.0186957  0.0424694
 -0.232869   0.015768    0.97238 -0.0164264
         0          0          0          1
           1  -0.00047766   0.00014367 -0.000106537
 0.000477771            1 -0.000242814 -1.40071e-05
 -0.00014355  0.000242883            1  -9.7096e-05
           0            0            0            1
 0.850409  -0.39061 -0.352462  0.223313
 0.430839  0.901524 0.0404159 0.0453308
 0.301966 -0.186224  0.934953 0.0373815
        0         0         0         1
