 0.752105    0.4477  0.483635  -0.37068
-0.345669  0.892779 -0.288891  0.169691
-0.561116 0.0500987   0.82622 0.0960301
        0         0         0         1
 0.850485  0.430639  0.302035 -0.220827
-0.390237  0.901599 -0.186642 0.0534349
-0.352689 0.0408708  0.934848 0.0418173
        0         0         0         1
           1  1.82614e-05  0.000178725  1.59442e-05
-1.79596e-05            1   3.3915e-05  1.09673e-05
-0.000178725 -3.39746e-05            1  3.15905e-06
           0            0            0            1
