 0.752184  0.447733  0.483482 -0.370736
-0.345714   0.89276 -0.288899  0.169725
-0.560983 0.0501586  0.826307 0.0959763
        0         0         0         1
 0.850432  0.430788  0.301973 -0.220889
-0.390331  0.901521  -0.18682 0.0534662
-0.352715 0.0410075  0.934832 0.0417692
        0         0         0         1
           1 -0.000115339 -3.71933e-05  4.54262e-05
 0.000115298            1  1.69724e-05 -2.08616e-07
 3.72529e-05 -1.69724e-05            1  1.32918e-05
           0            0            0            1
