 0.752347  0.447517  0.483427 -0.370699
-0.345467  0.892857 -0.288891  0.169635
-0.560916 0.0503382  0.826341 0.0959623
        0         0         0         1
 0.850483  0.430625  0.302062 -0.220808
-0.390199  0.901603 -0.186702 0.0534276
-0.352738 0.0409229  0.934827 0.0418506
        0         0         0         1
           1  0.000127226  0.000149339 -1.85296e-05
-0.000127237            1 -0.000287339 -5.66244e-07
-0.000149399  0.000287294            1 -0.000124812
           0            0            0            1
