 0.752176    0.4477  0.483525 -0.370758
-0.345572  0.892767 -0.289046  0.169742
-0.561081 0.0503205   0.82623 0.0959206
        0         0         0         1
 0.850378  0.430823  0.302073 -0.220872
-0.390352  0.901506 -0.186851 0.0534759
 -0.35282 0.0409796  0.934793 0.0417719
        0         0         0         1
           1 -5.34952e-06  1.76132e-05 -4.71622e-06
 5.20796e-06            1 -0.000176698   1.0848e-05
-1.76132e-05  0.000176758            1 -6.50883e-05
           0            0            0            1
