 0.752214  0.447605  0.483554 -0.370724
-0.345692  0.892833 -0.288699  0.169691
-0.560955 0.0500025  0.826335 0.0960069
        0         0         0         1
 0.850447   0.43075  0.301984 -0.220943
-0.390373  0.901548 -0.186602 0.0534567
-0.352631 0.0408086  0.934872 0.0418522
        0         0         0         1
           1  0.000147372  7.80821e-05 -4.21852e-05
-0.000147317            1 -3.72678e-05  2.01166e-05
-7.80523e-05  3.72231e-05            1 -1.40667e-05
           0            0            0            1
