 0.752323  0.447428  0.483548 -0.370715
-0.345495  0.892915 -0.288681  0.169606
-0.560931 0.0501175  0.826344 0.0959741
        0         0         0         1
 0.850498  0.430652  0.301981 -0.220903
-0.390222  0.901588 -0.186727 0.0534109
-0.352676 0.0409712  0.934848 0.0418105
        0         0         0         1
           1 -0.000116825 -9.55462e-05  -9.6336e-06
 0.000116881            1 -0.000128016 -1.72257e-05
  9.5576e-05  0.000127971            1 -4.67896e-05
           0            0            0            1
