 0.752213   0.44764  0.483523 -0.370735
-0.345616  0.892804 -0.288877  0.169678
-0.561004 0.0501832   0.82629 0.0960155
        0         0         0         1
 0.850534  0.430578  0.301984 -0.220821
-0.390185  0.901626 -0.186616  0.053388
-0.352629 0.0408935  0.934869 0.0418767
        0         0         0         1
           1   0.00014082  6.92308e-05 -6.67796e-05
-0.000140931            1 -0.000201032 -1.13249e-05
-6.92606e-05  0.000201017            1 -7.46846e-05
           0            0            0            1
