 0.752253  0.447528  0.483564 -0.370696
-0.345465  0.892856 -0.288899  0.169669
-0.561043 0.0502707  0.826259 0.0960355
        0         0         0         1
 0.850428  0.430677  0.302142 -0.220807
-0.390219  0.901577 -0.186785 0.0534084
-0.352848 0.0409456  0.934784 0.0418535
        0         0         0         1
           1  0.000226371  0.000179946 -6.21155e-05
-0.000226408            1 -0.000217587 -3.69549e-06
-0.000180006  0.000217557            1 -6.04391e-05
           0            0            0            1
