 0.752316  0.447467  0.483522 -0.370696
-0.345564  0.892898 -0.288651  0.169627
-0.560897  0.050069   0.82637 0.0960245
        0         0         0         1
  0.85048  0.430565  0.302153 -0.220754
-0.390264  0.901647  -0.18635 0.0534044
-0.352671 0.0405679  0.934868  0.041986
        0         0         0         1
           1 -0.000309378 -0.000142366  0.000124924
 0.000309493            1 -2.39909e-06  1.01328e-05
 0.000142366  2.33948e-06            1  2.07424e-05
           0            0            0            1
