 0.752264  0.447585  0.483494 -0.370779
-0.345602  0.892834 -0.288804   0.16966
-0.560943 0.0501606  0.826333 0.0959992
        0         0         0         1
  0.85049  0.430566  0.302126  -0.22084
-0.390243  0.901644 -0.186409 0.0534088
-0.352672 0.0406364  0.934864 0.0419444
        0         0         0         1
           1  -0.00017485 -9.87351e-05  4.58285e-05
 0.000174887            1  0.000230089  -1.0401e-05
 9.87649e-05 -0.000230119            1  6.82473e-05
           0            0            0            1
