 0.752214  0.447596  0.483562 -0.370777
-0.345577  0.892828 -0.288852  0.169636
-0.561027 0.0501708  0.826276 0.0959688
        0         0         0         1
 0.850486  0.430534  0.302181 -0.220808
-0.390216   0.90166 -0.186388 0.0533484
-0.352711 0.0406048  0.934851 0.0419638
        0         0         0         1
           1  4.72106e-05  0.000134647 -4.33326e-05
-4.70877e-05            1  9.25362e-06 -8.07643e-06
-0.000134617 -9.29832e-06            1  1.43647e-05
           0            0            0            1
