 0.752162   0.44753  0.483703 -0.370722
-0.345535  0.892866 -0.288784  0.169659
-0.561121  0.050076  0.826217 0.0960759
        0         0         0         1
  0.85046  0.430549  0.302235 -0.220802
-0.390238  0.901656 -0.186363 0.0533879
 -0.35275 0.0405508  0.934838 0.0419776
        0         0         0         1
           1 -0.000118282  4.11868e-05  4.40478e-05
 0.000118382            1 -2.50936e-05 -1.68085e-05
 -4.1157e-05  2.51085e-05            1 -1.46031e-05
           0            0            0            1
