 0.752228  0.447614  0.483524 -0.370801
-0.345643  0.892822  -0.28879  0.169655
-0.560967 0.0501095   0.82632   0.09598
        0         0         0         1
 0.850526  0.430477  0.302152 -0.220815
-0.390157  0.901687 -0.186386 0.0533774
-0.352681 0.0406391  0.934861 0.0419608
        0         0         0         1
           1 -3.77558e-05  2.70903e-05 -3.37586e-05
 3.79123e-05            1  0.000145778  3.75509e-06
-2.70903e-05 -0.000145793            1  2.65837e-05
           0            0            0            1
