 0.751967  0.447806  0.483751 -0.370764
-0.345911  0.892745 -0.288707  0.169767
-0.561152 0.0497635  0.826216 0.0961481
        0         0         0         1
 0.850402  0.430671  0.302225 -0.220823
-0.390341  0.901597 -0.186433 0.0534231
-0.352776 0.0405726  0.934828 0.0419699
        0         0         0         1
           1  0.000304628  0.000126988  -0.00011012
-0.000304513            1  7.48187e-05 -1.36495e-05
-0.000126928 -7.48783e-05            1  1.84774e-05
           0            0            0            1
