 0.752365  0.447386   0.48352 -0.370673
-0.345396  0.892928 -0.288756  0.169603
-0.560935 0.0502441  0.826334 0.0959584
        0         0         0         1
 0.850564  0.430546  0.301946  -0.22078
-0.390129  0.901637 -0.186681 0.0533775
-0.352621 0.0409858  0.934868 0.0418301
        0         0         0         1
           1 -0.000150036 -9.13143e-05  8.17701e-05
 0.000150017            1  -0.00013347 -4.58956e-06
 9.13143e-05  0.000133425            1 -3.02196e-05
           0            0            0            1
