 0.752324  0.447496  0.483483  -0.37073
-0.345451   0.89287 -0.288872  0.169637
-0.560957 0.0503058  0.826315 0.0959342
        0         0         0         1
 0.850541  0.430579  0.301964 -0.220862
-0.390177  0.901625 -0.186643 0.0533951
-0.352623 0.0409284   0.93487  0.041843
        0         0         0         1
           1 -4.49605e-05 -8.69334e-05  4.93303e-05
 4.49233e-05            1 -0.000107557  7.39098e-06
  8.6993e-05  0.000107571            1 -3.05772e-05
           0            0            0            1
