 0.752185  0.447687  0.483522 -0.370749
-0.345726  0.892788 -0.288797  0.169709
-0.560973 0.0500623  0.826319 0.0960262
        0         0         0         1
 0.850383  0.430741  0.302178 -0.220841
-0.390375  0.901559 -0.186545 0.0534416
-0.352784 0.0406716   0.93482 0.0419065
        0         0         0         1
           1  0.000285305   0.00018701 -8.24332e-05
-0.000285465            1 -2.18302e-05  1.73151e-05
-0.000187069  2.17557e-05            1 -1.19805e-05
           0            0            0            1
