 0.752231  0.447592  0.483539 -0.370741
-0.345551  0.892826 -0.288888  0.169624
 -0.56102 0.0502233  0.826277 0.0959882
        0         0         0         1
 0.850473  0.430506   0.30226 -0.220782
 -0.39013  0.901669 -0.186525 0.0533412
-0.352839 0.0407139  0.934798 0.0419298
        0         0         0         1
           1  1.15372e-05  7.65622e-05 -2.57865e-05
-1.14925e-05            1 -3.41535e-05 -8.28505e-06
-7.65622e-05  3.41684e-05            1  2.74181e-06
           0            0            0            1
