 0.752334  0.447394  0.483563 -0.370692
-0.345421  0.892928 -0.288729  0.169617
-0.560962 0.0501875  0.826319 0.0959992
        0         0         0         1
 0.850515  0.430472  0.302191 -0.220785
-0.390169  0.901692 -0.186334 0.0534039
-0.352695 0.0405741  0.934859 0.0419713
        0         0         0         1
           1 -6.85118e-05  1.48118e-05  5.38304e-05
 6.84708e-05            1  1.87159e-05  3.04878e-05
 -1.4782e-05 -1.87308e-05            1 -3.39746e-06
           0            0            0            1
