 0.752245  0.447591  0.483518 -0.370761
-0.345643  0.892835 -0.288752  0.169648
-0.560944 0.0500873  0.826338 0.0960216
        0         0         0         1
 0.850531  0.430506  0.302095  -0.22083
-0.390207  0.901674 -0.186342 0.0533601
-0.352612 0.0406099  0.934888 0.0419515
        0         0         0         1
           1   2.2307e-05 -2.64943e-05 -2.54437e-05
-2.22214e-05            1 -6.66082e-06 -1.08778e-05
 2.64645e-05  6.64592e-06            1  9.23872e-06
           0            0            0            1
