 0.752118  0.447623  0.483687 -0.370732
-0.345647  0.892823 -0.288782  0.169682
-0.561112 0.0500133  0.826228 0.0960743
        0         0         0         1
 0.850458  0.430582  0.302193 -0.220786
-0.390201  0.901632 -0.186557 0.0533783
-0.352795  0.040743  0.934813 0.0418864
        0         0         0         1
           1   0.00012999  0.000139534 -4.74602e-05
-0.000129942            1   0.00012593 -4.01437e-05
-0.000139475 -0.000125945            1  3.99351e-05
           0            0            0            1
