 0.752352   0.44752  0.483418 -0.370726
-0.345604  0.892867 -0.288696  0.169656
-0.560825 0.0501298  0.826415 0.0960057
        0         0         0         1
 0.850579  0.430435  0.302063 -0.220784
-0.390144  0.901707 -0.186313 0.0533743
-0.352567 0.0406255  0.934904 0.0419697
        0         0         0         1
           1 -0.000222377 -0.000159383  8.14348e-05
 0.000222322            1 -2.74926e-05  2.38419e-05
 0.000159383  2.74479e-05            1  3.69549e-06
           0            0            0            1
