 0.752327  0.447509  0.483465 -0.370751
-0.345629  0.892878 -0.288634  0.169612
-0.560842 0.0500475  0.826409 0.0959845
        0         0         0         1
 0.850604  0.430406  0.302033 -0.220783
-0.390099  0.901718 -0.186355 0.0533761
-0.352557 0.0406915  0.934906 0.0419462
        0         0         0         1
           1 -0.000246901 -0.000239879  6.17206e-05
 0.000246931            1 -1.34408e-05  3.96371e-06
 0.000239909  1.33514e-05            1  1.71065e-05
           0            0            0            1
