 0.752164  0.447598  0.483639   -0.3707
-0.345639  0.892835 -0.288756  0.169689
-0.561056 0.0500276  0.826265 0.0960276
        0         0         0         1
 0.850507  0.430555  0.302093 -0.220792
-0.390213  0.901646 -0.186462 0.0534188
-0.352663 0.0407069  0.934865 0.0419071
        0         0         0         1
           1 -2.07648e-05 -3.98755e-05  1.95354e-05
 2.08504e-05            1  -3.7998e-05  3.42131e-05
 3.99649e-05   3.7998e-05            1 -2.40803e-05
           0            0            0            1
