 0.752145  0.447597  0.483668 -0.370772
-0.345572   0.89283 -0.288851   0.16966
-0.561122 0.0501155  0.826214  0.096023
        0         0         0         1
 0.850505  0.430554    0.3021 -0.220809
-0.390223  0.901647 -0.186435 0.0533751
-0.352658 0.0406776  0.934868 0.0419174
        0         0         0         1
           1 -2.40505e-05 -1.37985e-05 -9.11951e-06
 2.38158e-05            1  1.30683e-05 -3.15607e-05
 1.37389e-05 -1.29938e-05            1  1.23382e-05
           0            0            0            1
