 0.752139  0.447614  0.483661 -0.370736
-0.345692  0.892831 -0.288705  0.169707
-0.561056 0.0499488  0.826269 0.0960382
        0         0         0         1
 0.850516  0.430539  0.302091 -0.220783
-0.390203  0.901654 -0.186444 0.0533988
-0.352653 0.0406967  0.934869 0.0419038
        0         0         0         1
           1  1.78181e-05   3.8743e-05 -6.10948e-06
-1.76728e-05            1  0.000109643  5.57303e-06
-3.86834e-05 -0.000109658            1  1.30534e-05
           0            0            0            1
