 0.752142   0.44765  0.483624 -0.370743
-0.345765  0.892816 -0.288662  0.169686
-0.561007 0.0498946  0.826306 0.0960489
        0         0         0         1
 0.850457  0.430745  0.301963 -0.220875
 -0.39039  0.901553 -0.186543 0.0534279
-0.352588 0.0407636   0.93489 0.0418618
        0         0         0         1
           1 -9.83924e-05 -4.11868e-05  2.22176e-05
 9.83961e-05            1  0.000114188 -1.33514e-05
 4.12166e-05 -0.000114202            1  4.02927e-05
           0            0            0            1
