 0.752142  0.447594  0.483676  -0.37072
-0.345523  0.892828 -0.288916  0.169667
-0.561156 0.0501851  0.826187  0.096002
        0         0         0         1
 0.850461  0.430765  0.301923 -0.220913
-0.390284  0.901527 -0.186887 0.0534454
-0.352697 0.0411043  0.934834 0.0417411
        0         0         0         1
           1 -0.000126872  2.22623e-05  3.49656e-05
 0.000126883            1  5.99772e-05  1.37091e-05
-2.21729e-05 -5.99474e-05            1 -7.21216e-06
           0            0            0            1
