 0.752283    0.4475  0.483543 -0.370755
-0.345552  0.892879 -0.288723  0.169654
-0.560949 0.0501119  0.826332 0.0959887
        0         0         0         1
 0.850556  0.430548  0.301965  -0.22085
-0.390146  0.901639 -0.186636 0.0533869
 -0.35262 0.0409337  0.934871 0.0418147
        0         0         0         1
           1 -5.19417e-05 -8.38935e-05 -4.32879e-05
 5.22323e-05            1  0.000330374 -1.07884e-05
 8.38935e-05 -0.000330403            1  0.000118852
           0            0            0            1
