 0.752253  0.447541  0.483553 -0.370715
-0.345498  0.892851 -0.288874  0.169638
-0.561023 0.0502398  0.826274 0.0959583
        0         0         0         1
 0.850548  0.430616  0.301891 -0.220859
-0.390159  0.901599 -0.186805 0.0534101
-0.352626 0.0411007  0.934861 0.0417622
        0         0         0         1
           1 -9.26964e-05  -0.00011608  2.40356e-05
 9.25623e-05            1  2.34246e-05  1.31428e-05
 0.000115991 -2.33948e-05            1  3.03984e-05
           0            0            0            1
