 0.752325  0.447388  0.483581  -0.37069
-0.345444  0.892934 -0.288683  0.169614
-0.560959 0.0501337  0.826324 0.0959979
        0         0         0         1
 0.850532  0.430613  0.301941 -0.220871
-0.390201  0.901607 -0.186677 0.0534123
-0.352618 0.0409566   0.93487 0.0418633
        0         0         0         1
           1  -9.7286e-05 -1.74642e-05   4.2744e-05
 9.74163e-05            1  -2.1562e-05 -3.30806e-06
 1.75238e-05   2.1562e-05            1  3.99351e-06
           0            0            0            1
