 0.752271  0.447551  0.483515 -0.370708
-0.345626  0.892855 -0.288707   0.16963
-0.560921 0.0500706  0.826354 0.0960386
        0         0         0         1
 0.850552  0.430593  0.301912 -0.220826
-0.390185  0.901616 -0.186666 0.0533828
-0.352586  0.040968  0.934883 0.0418059
        0         0         0         1
           1  2.30819e-05 -9.11355e-05  2.54586e-05
-2.30409e-05            1 -0.000130638  6.52671e-06
 9.11057e-05  0.000130638            1 -2.21133e-05
           0            0            0            1
