 0.752172   0.44764  0.483588 -0.370697
-0.345461  0.892793 -0.289097  0.169674
-0.561155 0.0503892  0.826176 0.0959595
        0         0         0         1
 0.850463  0.430732  0.301964 -0.220857
-0.390232  0.901542 -0.186927 0.0534095
-0.352748 0.0411392  0.934813 0.0417619
        0         0         0         1
           1  2.41846e-05 -8.37445e-05  1.06469e-05
-2.42628e-05            1 -0.000161454  1.80006e-05
 8.37445e-05  0.000161439            1 -5.42402e-05
           0            0            0            1
