 0.752157  0.447635  0.483614 -0.370712
-0.345622  0.892811 -0.288849  0.169644
-0.561075 0.0501122  0.826247  0.096008
        0         0         0         1
 0.850436  0.430701  0.302083 -0.220838
 -0.39027  0.901567 -0.186725 0.0534073
-0.352771 0.0409042  0.934815 0.0418282
        0         0         0         1
           1 -0.000114448 -9.83477e-06   3.7834e-05
  0.00011434            1  0.000116512  1.90139e-05
 9.86457e-06 -0.000116482            1   1.2517e-06
           0            0            0            1
