 0.752092  0.447751  0.483607 -0.370745
 -0.34576  0.892757 -0.288849   0.16973
-0.561076 0.0500293  0.826251 0.0960437
        0         0         0         1
 0.850531  0.430653  0.301884 -0.220862
-0.390197  0.901582 -0.186807 0.0534251
-0.352623 0.0410912  0.934863 0.0417782
        0         0         0         1
           1 -4.75533e-05  3.00407e-05 -8.91089e-06
  4.7747e-05            1   -3.016e-05   1.7941e-05
-3.00109e-05  3.00854e-05            1 -1.47223e-05
           0            0            0            1
