 0.752164  0.447719  0.483526 -0.370752
-0.345602  0.892759 -0.289034  0.169689
-0.561078 0.0502927  0.826233 0.0959828
        0         0         0         1
 0.850445  0.430751  0.301988 -0.220892
-0.390264  0.901535 -0.186894 0.0534421
-0.352757  0.041088  0.934812 0.0417892
        0         0         0         1
           1  0.000141986 -5.87106e-05  -7.6592e-05
-0.000142038            1 -0.000372276 -7.36117e-06
 5.85914e-05  0.000372261            1 -0.000113487
           0            0            0            1
