 0.752086  0.447723  0.483643 -0.370738
-0.345781  0.892776 -0.288767  0.169703
-0.561072 0.0499431  0.826259 0.0960839
        0         0         0         1
 0.850469  0.430758  0.301912 -0.220895
-0.390302  0.901534 -0.186818 0.0534306
-0.352657 0.0410456  0.934852 0.0418272
        0         0         0         1
           1  7.85999e-05  6.40154e-05 -4.31165e-05
 -7.8544e-05            1 -6.71297e-05 -1.58548e-05
-6.39558e-05  6.70999e-05            1 -1.90735e-05
           0            0            0            1
