 0.752042  0.447715  0.483721   -0.3707
-0.345735   0.89278  -0.28881  0.169719
-0.561161 0.0499584  0.826198 0.0960768
        0         0         0         1
 0.850467  0.430674  0.302038 -0.220834
-0.390258  0.901581 -0.186686 0.0534356
-0.352712  0.040898  0.934838   0.04184
        0         0         0         1
           1  0.000205167  0.000147521 -4.27365e-05
-0.000205129            1  1.82539e-05 -5.87106e-06
-0.000147521 -1.82986e-05            1  -2.6226e-06
           0            0            0            1
