 0.752174  0.447539  0.483678 -0.370718
-0.345691  0.892874 -0.288573  0.169633
 -0.56101 0.0498539  0.826306 0.0960574
        0         0         0         1
 0.850481  0.430628  0.302061 -0.220847
-0.390247  0.901606 -0.186584 0.0533666
-0.352689 0.0408078   0.93485 0.0418607
        0         0         0         1
           1   7.5046e-05  -4.0859e-05 -4.40329e-05
-7.53067e-05            1  8.31932e-05 -1.63913e-05
 4.07398e-05 -8.31485e-05            1  3.83258e-05
           0            0            0            1
