  0.75217  0.447723  0.483512 -0.370743
-0.345778  0.892771 -0.288785  0.169699
-0.560962 0.0500282  0.826329 0.0960124
        0         0         0         1
 0.850383  0.430868  0.301997 -0.220885
-0.390451  0.901489 -0.186723 0.0534407
  -0.3527  0.040871  0.934843  0.041837
        0         0         0         1
           1  4.20585e-06 -8.65459e-05 -4.72367e-06
-4.17233e-06            1  1.45882e-05  1.63913e-06
 8.65161e-05 -1.45733e-05            1  1.43647e-05
           0            0            0            1
