 0.752235  0.447461  0.483654 -0.370682
 -0.34556  0.892905 -0.288633  0.169575
-0.561009 0.0499879  0.826299 0.0960224
        0         0         0         1
 0.850512  0.430555  0.302082  -0.22083
-0.390172  0.901641 -0.186573 0.0533923
-0.352699 0.0408183  0.934847 0.0418735
        0         0         0         1
           1 -7.56495e-05  0.000179321  -5.7742e-06
 7.57948e-05            1 -0.000100836  2.08616e-06
-0.000179261  0.000100836            1 -7.92742e-05
           0            0            0            1
