 0.752189  0.447586   0.48361 -0.370677
-0.345596  0.892836 -0.288801  0.169687
-0.561048 0.0500994  0.826266 0.0960424
        0         0         0         1
 0.850428  0.430738  0.302053 -0.220855
-0.390302  0.901549 -0.186747 0.0534301
-0.352755 0.0409232   0.93482 0.0418452
        0         0         0         1
           1   0.00016436  0.000100821  -1.5147e-05
-0.000164386            1 -3.88026e-05  1.38581e-05
-0.000100791  3.88026e-05            1 -1.16825e-05
           0            0            0            1
