 0.752198  0.447565  0.483616 -0.370706
-0.345507   0.89284 -0.288896  0.169631
-0.561091 0.0502139  0.826229 0.0960199
        0         0         0         1
 0.850432  0.430717  0.302073 -0.220827
 -0.39025  0.901555 -0.186824 0.0533867
-0.352804 0.0409968  0.934799 0.0417932
        0         0         0         1
           1 -1.49682e-05  4.53293e-05 -1.63913e-06
  1.4931e-05            1 -0.000142366 -7.80821e-06
-4.53591e-05  0.000142366            1 -2.71797e-05
           0            0            0            1
