 0.752299  0.447561  0.483462  -0.37071
-0.345631  0.892849 -0.288722  0.169629
-0.560879 0.0501059   0.82638 0.0960008
        0         0         0         1
 0.850618  0.430564  0.301766 -0.220816
-0.390182  0.901629 -0.186611  0.053402
-0.352429 0.0409907  0.934941  0.041813
        0         0         0         1
           1 -0.000103094 -9.94205e-05  3.48985e-05
 0.000103258            1  0.000130713 -2.61068e-05
 9.94503e-05 -0.000130743            1  6.80685e-05
           0            0            0            1
