 0.752194   0.44765  0.483544 -0.370717
-0.345668  0.892804 -0.288815  0.169677
-0.560998 0.0500995    0.8263 0.0959967
        0         0         0         1
 0.850524  0.430641  0.301924 -0.220797
-0.390211  0.901591 -0.186732 0.0533861
-0.352626 0.0410057  0.934865 0.0417929
        0         0         0         1
           1 -2.69003e-05  0.000114739  6.61016e-05
 2.70903e-05            1 -5.44041e-05  3.78489e-06
 -0.00011465  5.43445e-05            1 -3.55244e-05
           0            0            0            1
