 0.752184   0.44766  0.483549 -0.370739
-0.345578  0.892791 -0.288964  0.169698
-0.561066 0.0502507  0.826245 0.0959902
        0         0         0         1
 0.850403  0.430798   0.30204 -0.220908
-0.390325  0.901516 -0.186855 0.0534505
-0.352791 0.0410082  0.934804 0.0417736
        0         0         0         1
           1   3.1352e-05  0.000134617 -8.73208e-06
-3.12179e-05            1  5.94258e-05 -5.96046e-06
-0.000134557 -5.94109e-05            1  1.95503e-05
           0            0            0            1
