 0.752066  0.447568  0.483818 -0.370536
-0.345149  0.892813 -0.289407  0.169509
-0.561489 0.0506642  0.825932 0.0957665
        0         0         0         1
 0.850682   0.43049  0.301694 -0.220927
-0.389999  0.901649 -0.186896 0.0534418
-0.352479  0.041329  0.934907 0.0415916
        0         0         0         1
           1  0.000204448   0.00025931 -6.61165e-05
-0.000204399            1 -0.000203982  3.81172e-05
-0.000259399  0.000203907            1 -3.95775e-05
           0            0            0            1
