  0.972433  0.0143925   0.232737  -0.192116
-0.0102893    0.99977 -0.0188341  0.0424474
 -0.232954  0.0159202   0.972358 -0.0164865
         0          0          0          1
           1 -0.000410281  0.000137994 -7.61533e-05
 0.000410416            1 -0.000145952  7.77841e-06
 -0.00013794  0.000146013            1 -7.23004e-05
           0            0            0            1
 0.850315 -0.390646 -0.352648  0.223355
 0.430845  0.901531 0.0401935 0.0453289
 0.302221 -0.186113  0.934893 0.0373548
        0         0         0         1
