  0.75227  0.447444  0.483615 -0.370694
-0.345541  0.892912 -0.288635  0.169602
-0.560973 0.0500229  0.826321 0.0960573
        0         0         0         1
 0.850524  0.430582  0.302007  -0.22083
-0.390205  0.901627 -0.186573 0.0533819
-0.352632   0.04084   0.93487 0.0418612
        0         0         0         1
           1 -4.98258e-05 -2.25008e-05  1.48863e-05
 4.96693e-05            1  0.000110388 -5.84126e-06
 2.25306e-05 -0.000110254            1  5.90682e-05
           0            0            0            1
