 0.752291   0.44741  0.483614 -0.370647
 -0.34546  0.892924 -0.288693  0.169622
-0.560995 0.0501122  0.826301 0.0960224
        0         0         0         1
 0.850547  0.430548  0.301991 -0.220805
-0.390109  0.901635 -0.186731  0.053362
-0.352682 0.0410137  0.934844 0.0418265
        0         0         0         1
           1 -7.95722e-06  6.02305e-05   3.0525e-05
 8.11368e-06            1  7.94977e-05 -1.59442e-05
-6.02007e-05 -7.95275e-05            1  3.06964e-05
           0            0            0            1
