 0.752187  0.447611  0.483589  -0.37075
 -0.34567  0.892828 -0.288739   0.16967
-0.561005 0.0500229    0.8263 0.0960298
        0         0         0         1
 0.850507   0.43057  0.302071 -0.220831
-0.390093  0.901623 -0.186828 0.0533866
-0.352796 0.0410627  0.934799 0.0417648
        0         0         0         1
           1  -0.00022329   2.0653e-05  5.35622e-05
 0.000223465            1 -0.000142366   7.6592e-06
-2.05338e-05  0.000142276            1 -7.73072e-05
           0            0            0            1
