 0.752234   0.44755  0.483572 -0.370717
-0.345497  0.892846 -0.288891  0.169641
-0.561049 0.0502411  0.826257 0.0959581
        0         0         0         1
  0.85047  0.430625  0.302097 -0.220825
-0.390225  0.901606  -0.18663 0.0534247
 -0.35274  0.040838   0.93483  0.041878
        0         0         0         1
           1 -3.04766e-05  4.74751e-05 -6.57141e-06
 3.06144e-05            1 -4.43906e-05  7.03335e-06
-4.74751e-05  4.43757e-05            1 -1.18017e-05
           0            0            0            1
