 0.752244   0.44743   0.48367 -0.370667
-0.345424  0.892911 -0.288775  0.169621
-0.561081 0.0501581   0.82624 0.0960115
        0         0         0         1
 0.850536  0.430526  0.302052  -0.22082
-0.390083  0.901646 -0.186733 0.0533868
-0.352737 0.0409982  0.934824 0.0418338
        0         0         0         1
           1  -1.0334e-05  8.89003e-05 -1.28299e-05
 1.04643e-05            1 -0.000142887  1.78814e-06
-8.88407e-05  0.000142798            1 -2.99215e-05
           0            0            0            1
