 0.752066  0.447756  0.483644 -0.370722
-0.345665  0.892747 -0.288994  0.169711
-0.561171 0.0501637  0.826178 0.0960264
        0         0         0         1
  0.85043  0.430754  0.302025  -0.22085
-0.390308  0.901539 -0.186779 0.0534433
-0.352744 0.0409599  0.934823  0.041835
        0         0         0         1
           1  2.75671e-07  9.18806e-05  1.64211e-05
-5.32717e-07            1 -9.19104e-05  -1.2666e-05
  -9.197e-05  9.20296e-05            1 -3.16501e-05
           0            0            0            1
