 0.752241  0.447524  0.483586 -0.370707
-0.345427  0.892855 -0.288946  0.169633
-0.561083 0.0503129  0.826229 0.0959589
        0         0         0         1
 0.850498  0.430649  0.301985 -0.220838
-0.390128  0.901579 -0.186963 0.0534106
-0.352779  0.041199  0.934799 0.0417578
        0         0         0         1
           1  4.18574e-05 -4.22001e-05  1.88351e-05
-4.17791e-05            1 -0.000111863   1.0699e-05
 4.22597e-05  0.000111878            1 -1.93715e-05
           0            0            0            1
