 0.752209  0.447687  0.483485 -0.370731
-0.345613  0.892777 -0.288967  0.169697
 -0.56101 0.0502647  0.826281 0.0960153
        0         0         0         1
 0.850466  0.430742   0.30194  -0.22088
-0.390289  0.901542 -0.186807 0.0534404
-0.352677 0.0410289  0.934845 0.0417847
        0         0         0         1
           1  0.000258673  2.26498e-05 -7.95722e-05
-0.000258759            1  0.000106126  -1.8537e-05
-2.26796e-05 -0.000106022            1  5.13196e-05
           0            0            0            1
