 0.752197  0.447537  0.483643 -0.370702
 -0.34566  0.892871 -0.288619  0.169647
-0.560998 0.0499227   0.82631 0.0960454
        0         0         0         1
 0.850521  0.430628  0.301949 -0.220871
-0.390249  0.901604 -0.186591 0.0534141
 -0.35259 0.0408645  0.934885 0.0418337
        0         0         0         1
           1 -4.21926e-05 -6.61016e-05 -6.70552e-07
 4.18946e-05            1  4.69387e-05 -1.43051e-06
 6.60121e-05 -4.68642e-05            1  2.13385e-05
           0            0            0            1
