   0.7522  0.447514  0.483659 -0.370685
-0.345593  0.892878 -0.288676  0.169623
-0.561035 0.0499925  0.826281 0.0960278
        0         0         0         1
 0.850512  0.430592  0.302026 -0.220823
-0.390152  0.901615 -0.186737 0.0533853
-0.352719 0.0409864  0.934831 0.0418105
        0         0         0         1
           1  -9.5237e-05  1.58846e-05  2.24039e-05
 9.51663e-05            1  8.11219e-05   2.5034e-06
-1.59442e-05 -8.10921e-05            1  3.65973e-05
           0            0            0            1
