 0.752148  0.447559  0.483698 -0.370711
-0.345597  0.892855 -0.288745  0.169678
-0.561103 0.0500138  0.826234 0.0960408
        0         0         0         1
 0.850545  0.430609  0.301908 -0.220848
-0.390249  0.901614 -0.186545 0.0534199
-0.352532 0.0408455  0.934908 0.0418245
        0         0         0         1
           1  4.98816e-05  5.09918e-05 -1.57282e-05
-4.98071e-05            1  3.86983e-05  2.54512e-05
-5.09322e-05 -3.87132e-05            1 -1.72853e-05
           0            0            0            1
