 0.752182  0.447773  0.483448 -0.370763
-0.345839  0.892747 -0.288789  0.169739
-0.560908 0.0500268  0.826365 0.0960579
        0         0         0         1
  0.85048  0.430728  0.301924 -0.220875
-0.390337  0.901556 -0.186641 0.0534235
-0.352592 0.0408821  0.934884 0.0418756
        0         0         0         1
           1  0.000213996  3.96371e-06 -5.88298e-05
 -0.00021378            1  0.000119656  5.69224e-06
-3.93391e-06 -0.000119746            1  5.81145e-05
           0            0            0            1
