 0.752313   0.44744  0.483552 -0.370643
-0.345608  0.892918 -0.288535  0.169632
-0.560874 0.0499493  0.826393 0.0960191
        0         0         0         1
 0.850538   0.43059  0.301955 -0.220813
-0.390163  0.901616 -0.186708 0.0534097
-0.352642 0.0409908   0.93486  0.041795
        0         0         0         1
           1 -8.98167e-05 -4.77731e-05  3.57851e-05
 8.97646e-05            1  0.000131145  -1.2517e-05
 4.78625e-05 -0.000131175            1   4.1306e-05
           0            0            0            1
