 0.752179  0.447645   0.48357 -0.370747
-0.345619  0.892804 -0.288875  0.169658
-0.561047 0.0501551  0.826263 0.0960144
        0         0         0         1
 0.850535  0.430601  0.301948 -0.220822
-0.390158  0.901608 -0.186758 0.0533892
-0.352657 0.0410366  0.934852 0.0417804
        0         0         0         1
           1  4.43421e-05  3.53754e-05 -1.41114e-05
 -4.4208e-05            1 -0.000160009 -9.29832e-06
-3.53456e-05  0.000159934            1 -3.86238e-05
           0            0            0            1
