 0.752133  0.447747  0.483548 -0.370743
-0.345773  0.892759  -0.28883   0.16973
-0.561014 0.0500409  0.826292 0.0960009
        0         0         0         1
 0.850451  0.430735  0.301996 -0.220845
-0.390379  0.901558  -0.18654 0.0534465
-0.352616 0.0407498   0.93488 0.0418873
        0         0         0         1
           1 -2.21841e-05 -5.42104e-05  2.61366e-05
 2.21357e-05            1 -7.56383e-05  3.38256e-05
 5.42104e-05   7.5683e-05            1 -2.36034e-05
           0            0            0            1
