 0.752347  0.447433  0.483506 -0.370666
-0.345438  0.892905 -0.288779  0.169614
-0.560934 0.0502405  0.826335 0.0959681
        0         0         0         1
 0.850493  0.430665  0.301976 -0.220821
-0.390221   0.90158 -0.186766 0.0534005
-0.352689  0.041006  0.934842 0.0417903
        0         0         0         1
           1  9.64105e-06 -1.86861e-05  -2.1711e-05
-9.68203e-06            1 -1.44541e-06  5.69224e-06
 1.87159e-05  1.49012e-06            1 -2.15769e-05
           0            0            0            1
