 0.752259  0.447494  0.483586 -0.370675
-0.345539  0.892883 -0.288728  0.169628
 -0.56099 0.0501004  0.826305 0.0959947
        0         0         0         1
 0.850524  0.430611  0.301967 -0.220833
 -0.39019  0.901608 -0.186696 0.0534196
-0.352649 0.0409645  0.934859 0.0418165
        0         0         0         1
           1   6.5688e-05  4.44949e-05 -1.28597e-05
-6.56657e-05            1 -0.000117406  9.47714e-06
-4.44651e-05  0.000117347            1 -6.10352e-05
           0            0            0            1
