 0.752292  0.447304  0.483711 -0.370655
-0.345387  0.892981 -0.288606   0.16958
-0.561039 0.0500486  0.826275 0.0960352
        0         0         0         1
  0.85056  0.430512  0.302004 -0.220836
-0.390134  0.901659 -0.186563 0.0533575
-0.352622 0.0408614  0.934873 0.0418667
        0         0         0         1
           1 -0.000242166 -2.13683e-05  6.62804e-05
 0.000242222            1  7.90805e-05  7.15256e-07
 2.13683e-05 -7.90954e-05            1  1.90139e-05
           0            0            0            1
