 0.752323  0.447522  0.483461 -0.370721
-0.345613  0.892869  -0.28868  0.169628
-0.560857 0.0500901  0.826396  0.095998
        0         0         0         1
 0.850611  0.430468  0.301924 -0.220774
 -0.39008  0.901676 -0.186594 0.0533793
 -0.35256 0.0409441  0.934893  0.041837
        0         0         0         1
           1 -7.58506e-05  -7.4029e-05  3.52561e-05
 7.57761e-05            1 -7.92742e-06 -1.81198e-05
 7.39694e-05  7.94232e-06            1  4.58956e-06
           0            0            0            1
