  0.972479  0.0145857   0.232532  -0.192177
-0.0105131   0.999769 -0.0187438  0.0424997
 -0.232752  0.0157833   0.972408 -0.0164594
         0          0          0          1
           1 -0.000414307  8.54824e-05 -9.34876e-05
 0.000414343            1 -0.000433898  1.94609e-05
-8.53036e-05  0.000433934            1 -0.000146925
           0            0            0            1
 0.850419  -0.39051 -0.352546  0.223287
 0.430768  0.901555 0.0404676 0.0453167
 0.302037  -0.18628  0.934919 0.0374116
        0         0         0         1
