   0.972613   0.0140919    0.232001   -0.191776
-0.00982132    0.999761  -0.0195531   0.0425208
  -0.232221   0.0167391    0.972519  -0.0168917
          0           0           0           1
    0.999999 -0.000206483 -0.000995947  -0.00014054
   0.0002061            1 -0.000303812   4.1604e-05
  0.00099601  0.000303607     0.999999 -0.000211775
           0            0            0            1
 0.850145  -0.38951 -0.354309  0.223064
 0.430009  0.901927 0.0402475 0.0452059
 0.303884 -0.186572  0.934262  0.037692
        0         0         0         1
