  0.972327   0.014976   0.233143  -0.192175
-0.0108177   0.999759 -0.0191044  0.0425023
 -0.233372  0.0160537   0.972255 -0.0164374
         0          0          0          1
           1 -0.000365107  0.000344854 -0.000141229
 0.000365228            1 -0.000557153  4.69983e-05
-0.000344649  0.000557279            1 -0.000242949
           0            0            0            1
 0.850861 -0.390681 -0.351288  0.223346
 0.430684  0.901595 0.0404692 0.0453114
 0.300909 -0.185728  0.935393 0.0372925
        0         0         0         1
