  0.972466  0.0144738   0.232594  -0.191991
-0.0103382   0.999766 -0.0189891   0.042521
 -0.232814  0.0160616   0.972389 -0.0165696
         0          0          0          1
           1 -3.74973e-05  3.00985e-05  9.60613e-06
 3.76334e-05            1 -0.000160862 -2.08616e-05
-3.00929e-05  0.000160866            1 -6.41942e-05
           0            0            0            1
 0.850357 -0.390171 -0.353071  0.223451
 0.430501  0.901685 0.0404119 0.0452469
 0.302591 -0.186362  0.934723 0.0374491
        0         0         0         1
