   0.97254   0.015524    0.23222  -0.192228
-0.0115843   0.999765 -0.0183182  0.0425892
  -0.23245  0.0151251   0.972491 -0.0163449
         0          0          0          1
           1  0.000157032 -5.88503e-05 -0.000189671
-0.000156993            1 -0.000832116 -2.29478e-05
 5.87236e-05  0.000832126            1  -0.00047946
           0            0            0            1
 0.851682 -0.390219  -0.34981  0.223331
 0.430217  0.901771 0.0415087 0.0451567
 0.299251 -0.185846  0.935901  0.037229
        0         0         0         1
