  0.972479  0.0147127   0.232527  -0.192228
-0.0105732   0.999763 -0.0190399  0.0424994
 -0.232752  0.0160573   0.972403 -0.0165313
         0          0          0          1
           1 -8.03225e-05  0.000175018  -0.00011912
 8.01743e-05            1 -0.000423464  2.57194e-05
-0.000174984  0.000423472            1 -0.000159383
           0            0            0            1
 0.850526 -0.390558 -0.352236  0.223414
 0.430695  0.901598 0.0402892 0.0452767
  0.30184 -0.185973  0.935043 0.0372964
        0         0         0         1
