  0.972606   0.014531   0.232003   -0.19206
-0.0105543   0.999775 -0.0183723  0.0424504
 -0.232218  0.0154204   0.972542 -0.0166461
         0          0          0          1
           1 -0.000189319 -0.000428781 -9.28575e-06
 0.000189396            1  9.67514e-05  2.95639e-05
 0.000428762 -9.68324e-05            1 -0.000155687
           0            0            0            1
 0.850323 -0.390502 -0.352787  0.223462
  0.43084  0.901516 0.0405609 0.0453228
 0.302204 -0.186485  0.934824 0.0373572
        0         0         0         1
