  0.972479  0.0144749   0.232541   -0.19217
-0.0104136   0.999771 -0.0186823  0.0424713
 -0.232758  0.0157465   0.972407 -0.0164608
         0          0          0          1
           1 -0.000320317  7.56327e-05 -5.79804e-05
 0.000320468            1 -0.000264843  5.45979e-05
-7.55489e-05  0.000264872            1 -0.000136793
           0            0            0            1
 0.850435  -0.39081 -0.352175  0.223473
 0.430991  0.901451 0.0404159 0.0453593
 0.301673 -0.186155  0.935061 0.0373315
        0         0         0         1
