  0.972513   0.014354   0.232408  -0.192113
-0.0102601    0.99977 -0.0188142  0.0424221
 -0.232624  0.0159125   0.972436 -0.0165322
         0          0          0          1
           1 -0.000387397  0.000104681 -2.38721e-05
 0.000387387            1 -0.000203831 -1.07288e-06
-0.000104595   0.00020387            1  -0.00012064
           0            0            0            1
 0.850425 -0.390778 -0.352236  0.223454
 0.430923  0.901489 0.0402725 0.0453224
   0.3018 -0.186035  0.935044 0.0373151
        0         0         0         1
