    0.9725  0.0149381   0.232424  -0.192161
-0.0109412   0.999769  -0.018476  0.0425507
 -0.232647  0.0154249   0.972439 -0.0165519
         0          0          0          1
           1 -1.43216e-05 -2.36146e-05 -9.49576e-06
 1.42353e-05            1 -2.23988e-05  3.93093e-05
 2.36183e-05  2.23974e-05            1 -0.000155985
           0            0            0            1
 0.850622 -0.390419 -0.352159  0.223507
 0.430647  0.901605 0.0406449 0.0453117
 0.301639 -0.186229  0.935057 0.0372404
        0         0         0         1
