  0.972483  0.0148467   0.232502  -0.192073
-0.0107975   0.999767 -0.0186794  0.0425164
 -0.232725  0.0156549   0.972417 -0.0166219
         0          0          0          1
           1  0.000124615  5.23496e-05 -1.70022e-05
 -0.00012465            1  8.63983e-05  4.59552e-05
-5.23385e-05 -8.64053e-05            1 -0.000156999
           0            0            0            1
 0.850531 -0.390287 -0.352524  0.223466
 0.430563  0.901648 0.0405808 0.0452548
 0.302014 -0.186299  0.934923 0.0372086
        0         0         0         1
