  0.972538   0.015263   0.232244  -0.192113
  -0.01145   0.999777 -0.0177564  0.0425462
 -0.232463  0.0146096   0.972496 -0.0162249
         0          0          0          1
           1 -0.000318207 -0.000185005 -1.52113e-05
 0.000318053            1  -0.00038917  -3.8743e-07
  0.00018513   0.00038911            1 -0.000285268
           0            0            0            1
 0.851497 -0.390537 -0.349905  0.223417
 0.430694  0.901526 0.0418833 0.0452976
 0.299091 -0.186365  0.935848 0.0374352
        0         0         0         1
