  0.972515  0.0145373   0.232385  -0.192022
-0.0105343   0.999774 -0.0184577   0.042491
 -0.232601  0.0155024   0.972449 -0.0165612
         0          0          0          1
           1 -0.000175172  -0.00010005  7.40653e-05
 0.000175217            1  6.11208e-05  3.92795e-05
 0.000100039 -6.11395e-05            1 -0.000139117
           0            0            0            1
 0.850579 -0.390451 -0.352225  0.223508
 0.430688  0.901586 0.0406246 0.0452913
 0.301699 -0.186254  0.935034 0.0372451
        0         0         0         1
