 0.752322  0.447891  0.483121 -0.370906
-0.346194  0.892701 -0.288505  0.169809
-0.560501 0.0497944  0.826655 0.0960127
        0         0         0         1
  0.85059   0.43064  0.301738 -0.220817
-0.390477  0.901618 -0.186044 0.0534487
 -0.35217 0.0404247  0.935063 0.0419284
        0         0         0         1
           1   0.00011779  0.000110745  -5.0284e-05
-0.000117816            1  4.66555e-05 -1.60933e-05
-0.000110716 -4.66555e-05            1 -4.88758e-06
           0            0            0            1
