  0.972431  0.0149924   0.232708  -0.192221
-0.0111392   0.999778 -0.0178633  0.0425284
 -0.232925  0.0147786   0.972383 -0.0160639
         0          0          0          1
           1 -0.000443359  0.000247922 -0.000186216
 0.000443751            1 -0.000459068  4.62532e-05
-0.000247722   0.00045918            1 -0.000195205
           0            0            0            1
 0.851584 -0.390758 -0.349448  0.223301
  0.43079  0.901486 0.0417527  0.045396
 0.298707 -0.186095  0.936025 0.0373841
        0         0         0         1
