   0.972303   0.0142037    0.233293   -0.191911
-0.00992135     0.99976  -0.0195192   0.0425279
  -0.233515    0.016664    0.972211  -0.0164967
          0           0           0           1
           1 -0.000516533   0.00025462 -0.000105613
 0.000516586            1 -0.000324188  4.92036e-05
-0.000254458  0.000324319            1 -0.000147521
           0            0            0            1
 0.850534 -0.390011 -0.352821  0.223088
 0.430144  0.901874 0.0399949 0.0451925
 0.302602 -0.185781  0.934836 0.0373428
        0         0         0         1
