  0.972511  0.0148074   0.232384   -0.19211
-0.0107716   0.999769 -0.0186259  0.0425331
 -0.232606  0.0156108   0.972446 -0.0166028
         0          0          0          1
           1 -4.62627e-06  7.98702e-06 -2.26623e-05
 4.70298e-06            1  1.00047e-05   7.1764e-05
-7.99261e-06 -1.00029e-05            1 -0.000161648
           0            0            0            1
 0.850586 -0.390429 -0.352234  0.223469
 0.430612   0.90163 0.0404549 0.0452534
  0.30179 -0.186086  0.935038 0.0371494
        0         0         0         1
