  0.972449   0.015018   0.232633  -0.192224
-0.0112616   0.999784 -0.0174676  0.0424806
 -0.232845  0.0143666   0.972408  -0.015931
         0          0          0          1
           1 -0.000468383   0.00013979  -0.00015935
 0.000468522            1 -0.000285574 -1.01328e-05
-0.000139654  0.000285641            1  -0.00013262
           0            0            0            1
 0.851515 -0.390808  -0.34956  0.223326
 0.430909  0.901423 0.0418874 0.0453417
 0.298731 -0.186296  0.935977 0.0374667
        0         0         0         1
