  0.972524   0.015389   0.232292     -0.192
-0.0118199    0.99979 -0.0167489  0.0426302
 -0.232501  0.0135431   0.972502 -0.0159388
         0          0          0          1
           1 -1.46382e-05 -3.47868e-05  3.99919e-05
 1.46936e-05            1  0.000765239   7.7039e-05
 3.47737e-05  -0.00076524            1  4.97103e-05
           0            0            0            1
 0.851527 -0.390476   -0.3499  0.223566
    0.431  0.901325 0.0430473 0.0453822
 0.298565 -0.187463  0.935797 0.0377534
        0         0         0         1
