    0.9725  0.0145545   0.232448  -0.192164
-0.0104409   0.999767 -0.0189176  0.0424205
 -0.232669  0.0159704   0.972425 -0.0165913
         0          0          0          1
           1 -0.000361692 -6.88061e-06 -4.26443e-05
 0.000361824            1 -0.000467806  2.25604e-05
 7.05384e-06  0.000467806            1 -0.000183761
           0            0            0            1
 0.850426 -0.390786 -0.352224  0.223447
 0.430924   0.90149 0.0402543 0.0453444
 0.301796 -0.186015   0.93505 0.0372636
        0         0         0         1
