 0.752235  0.447529  0.483591  -0.37071
-0.345693  0.892877  -0.28856   0.16968
-0.560927  0.049891  0.826361 0.0960519
        0         0         0         1
 0.850499  0.430654  0.301976 -0.220869
-0.390338    0.9016 -0.186424 0.0533816
-0.352546 0.0406812  0.934911 0.0419121
        0         0         0         1
           1  0.000242226  5.23627e-05 -8.89525e-05
-0.000241872            1  0.000229716 -8.31485e-06
-5.22435e-05 -0.000229761            1  4.70281e-05
           0            0            0            1
