 0.752182  0.447637  0.483573 -0.370711
-0.345696  0.892815 -0.288748  0.169721
-0.560996 0.0500221  0.826306 0.0960413
        0         0         0         1
 0.850555  0.430547   0.30197 -0.220784
-0.390174  0.901643 -0.186558 0.0534056
-0.352591  0.040857  0.934885 0.0418231
        0         0         0         1
           1    3.618e-05 -1.20699e-05   7.0706e-06
-3.60496e-05            1  0.000190467  1.94013e-05
 1.21295e-05 -0.000190482            1   5.9247e-05
           0            0            0            1
