 0.752124  0.447829  0.483486 -0.370785
-0.345812  0.892714 -0.288923  0.169724
-0.561003 0.0501108  0.826296 0.0960128
        0         0         0         1
 0.850509  0.430645  0.301959 -0.220873
 -0.39022  0.901591 -0.186715 0.0534122
-0.352651 0.0409722  0.934857 0.0418492
        0         0         0         1
           1 -5.39795e-05  7.50124e-05  2.48551e-05
 5.39571e-05            1 -0.000175297  8.76188e-06
-7.50422e-05  0.000175342            1  -6.4373e-05
           0            0            0            1
