 0.752216  0.447546  0.483605 -0.370729
-0.345647  0.892864 -0.288657  0.169648
-0.560981 0.0499754  0.826319 0.0960248
        0         0         0         1
 0.850543  0.430556  0.301989 -0.220839
 -0.39021  0.901642 -0.186488 0.0533822
-0.352579 0.0407772  0.934893 0.0418986
        0         0         0         1
           1  2.04444e-05 -5.19156e-05 -3.84673e-05
-2.02842e-05            1  0.000113189 -2.76566e-05
 5.18858e-05  -0.00011313            1  2.60472e-05
           0            0            0            1
