   0.7523  0.447485   0.48353 -0.370733
 -0.34543  0.892876 -0.288879  0.169627
-0.561001  0.050298  0.826285 0.0960121
        0         0         0         1
 0.850634  0.430463  0.301868 -0.220817
-0.389992  0.901668 -0.186818   0.05336
-0.352603 0.0411881  0.934866 0.0417984
        0         0         0         1
           1 -0.000146203  3.06368e-05  1.20476e-05
 0.000146292            1 -8.30293e-05 -1.07288e-06
 -3.0607e-05  8.30293e-05            1  1.16229e-05
           0            0            0            1
