 0.752278  0.447503  0.483548 -0.370689
 -0.34553  0.892875 -0.288761  0.169647
 -0.56097 0.0501479  0.826316 0.0960298
        0         0         0         1
 0.850562  0.430547  0.301951 -0.220809
-0.390134  0.901638 -0.186668  0.053402
 -0.35262  0.040971  0.934869 0.0418195
        0         0         0         1
           1  4.51282e-05 -2.21431e-05  2.36705e-05
 -4.5035e-05            1  8.89897e-05 -2.25306e-05
 2.20239e-05 -8.89599e-05            1  7.82609e-05
           0            0            0            1
