 0.752377  0.447307  0.483576 -0.370694
-0.345356  0.892972 -0.288671  0.169573
-0.560944 0.0501832  0.826332 0.0959859
        0         0         0         1
 0.850627  0.430452  0.301903 -0.220818
-0.390081  0.901686 -0.186545 0.0533894
 -0.35252 0.0409134  0.934909 0.0418325
        0         0         0         1
           1 -0.000210188 -0.000108182  1.00434e-05
 0.000210103            1 -0.000138536 -1.13249e-06
 0.000108212  0.000138536            1 -1.97291e-05
           0            0            0            1
