 0.752233  0.447572  0.483554 -0.370727
 -0.34564  0.892846 -0.288719  0.169631
-0.560962 0.0500489  0.826327 0.0960117
        0         0         0         1
 0.850597  0.430501  0.301916 -0.220803
-0.390093  0.901659 -0.186651 0.0533604
-0.352579 0.0409897  0.934884 0.0417894
        0         0         0         1
           1  2.98396e-05  1.24872e-05 -4.50239e-05
-2.99104e-05            1  0.000132605 -4.78923e-05
-1.24872e-05 -0.000132591            1  5.75781e-05
           0            0            0            1
