 0.752312   0.44748  0.483517  -0.37069
-0.345563   0.89289 -0.288676  0.169614
-0.560904 0.0500887  0.826364 0.0960016
        0         0         0         1
  0.85051  0.430568  0.302065 -0.220797
-0.390209  0.901637 -0.186516  0.053404
-0.352661 0.0407657  0.934863 0.0418828
        0         0         0         1
           1 -0.000144593 -9.53674e-07  6.01709e-05
 0.000144504            1  4.67598e-05 -8.31485e-06
 9.83477e-07 -4.67598e-05            1  2.66433e-05
           0            0            0            1
