 0.752282  0.447387  0.483649 -0.370699
-0.345459  0.892938 -0.288652  0.169587
-0.561008 0.0500674  0.826295 0.0960274
        0         0         0         1
 0.850562  0.430511  0.302001 -0.220816
-0.390076  0.901653 -0.186715 0.0533927
-0.352683 0.0410091  0.934844 0.0417725
        0         0         0         1
           1 -0.000148758  5.89192e-05   4.2662e-05
 0.000148896            1 -0.000100061  1.49608e-05
-5.88894e-05  0.000100046            1 -4.12464e-05
           0            0            0            1
