 0.752272  0.447417  0.483637 -0.370647
-0.345431  0.892918 -0.288748  0.169619
-0.561039 0.0501545  0.826269 0.0959842
        0         0         0         1
 0.850465  0.430736  0.301954 -0.220878
-0.390282  0.901545 -0.186806 0.0534456
 -0.35269  0.041025  0.934841 0.0417771
        0         0         0         1
           1 -0.000153113 -0.000142485  5.39422e-05
 0.000153311            1  -0.00012058  4.23193e-05
 0.000142574  0.000120476            1 -4.66704e-05
           0            0            0            1
