 0.752145  0.447624  0.483642 -0.370681
-0.345804  0.892834  -0.28856    0.1697
-0.560979 0.0497937  0.826331 0.0961313
        0         0         0         1
 0.850529   0.43056  0.302024 -0.220747
-0.390254  0.901646 -0.186378 0.0534071
-0.352565 0.0406538  0.934903 0.0419116
        0         0         0         1
           1  3.26373e-05  8.70824e-05  1.78069e-05
-3.29614e-05            1  0.000146702  1.74642e-05
-8.71122e-05 -0.000146627            1  1.86563e-05
           0            0            0            1
