 0.752251  0.447659  0.483445  -0.37072
-0.345651  0.892794 -0.288866  0.169661
-0.560931 0.0501969  0.826339 0.0959646
        0         0         0         1
 0.850457  0.430709  0.302013 -0.220836
-0.390279  0.901562  -0.18673 0.0534303
 -0.35271 0.0409361  0.934836 0.0418032
        0         0         0         1
           1  8.67806e-05  4.08292e-05 -1.27479e-05
-8.70861e-05            1 -0.000153318  5.63264e-06
-4.09484e-05  0.000153422            1 -5.00083e-05
           0            0            0            1
