 0.752124  0.447622  0.483679 -0.370685
-0.345706  0.892828 -0.288695  0.169669
-0.561068 0.0499233  0.826263 0.0960959
        0         0         0         1
 0.850474  0.430628  0.302081 -0.220782
-0.390273   0.90161  -0.18651  0.053416
-0.352676 0.0407281  0.934859 0.0418784
        0         0         0         1
           1  0.000161286  0.000106722 -4.04567e-05
-0.000161283            1 -1.67191e-05  1.17719e-05
-0.000106782  1.67191e-05            1 -8.70228e-06
           0            0            0            1
