  0.75221  0.447583  0.483579 -0.370748
-0.345572  0.892834 -0.288836  0.169638
-0.561034 0.0501537  0.826272 0.0959754
        0         0         0         1
 0.850477  0.430673  0.302009 -0.220866
-0.390263  0.901581 -0.186675  0.053416
-0.352682 0.0408994  0.934849 0.0418037
        0         0         0         1
           1  0.000117425 -1.29342e-05 -4.87342e-05
-0.000117444            1  -3.8445e-05  6.97374e-06
 1.29342e-05  3.84748e-05            1  -1.7345e-05
           0            0            0            1
