  0.75217  0.447536  0.483685 -0.370688
-0.345542  0.892862 -0.288787  0.169669
-0.561106 0.0500837  0.826227 0.0960941
        0         0         0         1
 0.850505  0.430597  0.302038 -0.220808
-0.390198  0.901618 -0.186627  0.053409
-0.352684 0.0408729  0.934849 0.0418262
        0         0         0         1
           1 -4.65661e-07  6.82473e-05 -1.30013e-05
 7.18981e-07            1 -1.81496e-05 -1.72853e-05
-6.81877e-05  1.80602e-05            1  4.29153e-06
           0            0            0            1
