  0.75226  0.447529  0.483551 -0.370724
-0.345483  0.892856 -0.288876  0.169652
-0.561022 0.0502506  0.826274 0.0959693
        0         0         0         1
 0.850484  0.430595  0.302102 -0.220827
-0.390139  0.901615 -0.186768 0.0533907
-0.352801  0.040981  0.934801 0.0418041
        0         0         0         1
           1 -4.08776e-05 -3.99053e-05 -1.61156e-05
 4.09335e-05            1 -0.000168696 -8.22544e-06
 3.99053e-05  0.000168681            1 -2.83122e-05
           0            0            0            1
