 0.752284  0.447569  0.483478 -0.370713
-0.345681  0.892849 -0.288662   0.16967
-0.560869 0.0500266  0.826392 0.0960391
        0         0         0         1
  0.85052  0.430561  0.302046 -0.220794
-0.390216  0.901641  -0.18648 0.0533814
-0.352629 0.0407417  0.934876 0.0418678
        0         0         0         1
           1 -7.38874e-05  -1.7345e-05  2.32905e-05
 7.37756e-05            1  7.39098e-06 -1.35601e-05
 1.73748e-05 -7.37607e-06            1  3.63588e-06
           0            0            0            1
