 0.752258  0.447634  0.483457 -0.370753
-0.345638  0.892807 -0.288842  0.169663
-0.560929 0.0501829  0.826341 0.0959653
        0         0         0         1
 0.850462  0.430657  0.302074 -0.220825
-0.390227  0.901587 -0.186716 0.0534184
-0.352757  0.040917   0.93482 0.0418184
        0         0         0         1
           1  9.13031e-05  1.83582e-05 -3.26335e-06
-9.15565e-05            1 -0.000128657  3.27826e-06
 -1.8388e-05  0.000128731            1 -5.85318e-05
           0            0            0            1
