 0.752241  0.447541  0.483571 -0.370709
-0.345527  0.892855 -0.288829  0.169688
-0.561021  0.050182  0.826279 0.0960138
        0         0         0         1
 0.850504  0.430511  0.302165 -0.220801
-0.390122  0.901663  -0.18657 0.0534086
-0.352772 0.0407973   0.93482 0.0418773
        0         0         0         1
           1 -0.000104502  7.83801e-06  4.15221e-05
 0.000104513            1  1.72406e-05   2.0951e-05
-7.80821e-06 -1.72555e-05            1  2.31862e-05
           0            0            0            1
