 0.752267  0.447513  0.483557 -0.370708
-0.345625  0.892878 -0.288636  0.169621
-0.560926 0.0500017  0.826354 0.0960261
        0         0         0         1
 0.850518  0.430591  0.302012 -0.220846
-0.390256  0.901628  -0.18646 0.0533811
-0.352591  0.040726  0.934891 0.0419068
        0         0         0         1
           1  -7.7717e-05 -3.15309e-05  6.52373e-05
 7.76835e-05            1  0.000150129  2.86102e-06
 3.14713e-05 -0.000150144            1  5.44786e-05
           0            0            0            1
