 0.752268  0.447515  0.483552 -0.370771
-0.345497  0.892866  -0.28883  0.169647
-0.561003 0.0502117  0.826289 0.0959904
        0         0         0         1
 0.850479  0.430626  0.302071 -0.220851
-0.390237  0.901607 -0.186602 0.0533845
-0.352705 0.0408215  0.934844 0.0418831
        0         0         0         1
           1 -0.000130039  5.54323e-06  4.68642e-06
 0.000129987            1  0.000195488  1.03414e-05
-5.57303e-06 -0.000195473            1  6.37174e-05
           0            0            0            1
