 0.752182   0.44773  0.483487 -0.370784
-0.345686  0.892759 -0.288935  0.169741
-0.561002 0.0501969  0.826291 0.0959864
        0         0         0         1
 0.850418  0.430817  0.301969 -0.220935
-0.390393  0.901511 -0.186738 0.0534701
-0.352679  0.040919  0.934849 0.0418603
        0         0         0         1
           1  3.24696e-05  7.39098e-06  1.53035e-05
-3.24249e-05            1 -9.72599e-05   1.5527e-05
-7.42078e-06  9.72748e-05            1 -4.72665e-05
           0            0            0            1
