 0.752225  0.447483  0.483649 -0.370742
-0.345536  0.892891 -0.288706  0.169663
-0.561037 0.0500536  0.826276 0.0960366
        0         0         0         1
 0.850462  0.430678  0.302045 -0.220888
-0.390345  0.901588 -0.186465 0.0534053
-0.352627 0.0406794   0.93488 0.0418873
        0         0         0         1
           1  5.34393e-05  2.80738e-05  -5.9858e-05
-5.32642e-05            1  7.13468e-05  1.14441e-05
-2.80738e-05 -7.13766e-05            1  6.97374e-06
           0            0            0            1
