 0.752252  0.447447   0.48364 -0.370766
-0.345419    0.8929 -0.288817  0.169606
-0.561073 0.0502046  0.826243 0.0960044
        0         0         0         1
 0.850675  0.430285  0.302005 -0.220733
-0.389915  0.901766 -0.186506 0.0533684
-0.352589 0.0409001  0.934884 0.0418729
        0         0         0         1
           1 -3.65898e-05 -2.18749e-05 -7.33137e-06
 3.69586e-05            1 -2.13683e-05  3.72529e-05
 2.19643e-05  2.13236e-05            1  1.12057e-05
           0            0            0            1
