 0.752229  0.447507   0.48362 -0.370762
-0.345552  0.892878 -0.288728  0.169612
-0.561022  0.050074  0.826285 0.0959919
        0         0         0         1
 0.850567  0.430495   0.30201 -0.220837
-0.390069  0.901662 -0.186684 0.0533699
-0.352677 0.0409828  0.934847  0.041829
        0         0         0         1
           1 -0.000116941  -0.00012821  2.68221e-06
 0.000117134            1  1.00136e-05  -6.4075e-06
  0.00012818 -1.00434e-05            1  2.14577e-05
           0            0            0            1
