 0.752301  0.447571   0.48345 -0.370718
-0.345614  0.892841 -0.288766  0.169659
-0.560887 0.0501517  0.826372 0.0960002
        0         0         0         1
 0.850509  0.430579  0.302055 -0.220792
-0.390148  0.901624 -0.186706 0.0533943
-0.352731 0.0409487  0.934828 0.0417968
        0         0         0         1
           1 -0.000135537 -2.14577e-05   6.9052e-05
 0.000135865            1 -0.000129893 -2.61664e-05
 2.15173e-05  0.000129849            1  -3.1054e-05
           0            0            0            1
