 0.752159  0.447549   0.48369 -0.370691
-0.345618  0.892862 -0.288696    0.1697
-0.561074 0.0499731  0.826256 0.0960505
        0         0         0         1
 0.850442  0.430711  0.302055 -0.220856
-0.390302  0.901564 -0.186671 0.0534301
-0.352723 0.0408599  0.934835 0.0418719
        0         0         0         1
           1  0.000144966  0.000121623 -3.96222e-05
-0.000145152            1  0.000108004  1.87159e-05
-0.000121683 -0.000108004            1  1.42455e-05
           0            0            0            1
