  0.75224  0.447573  0.483542 -0.370765
 -0.34566  0.892847 -0.288693  0.169695
 -0.56094 0.0500253  0.826343 0.0960562
        0         0         0         1
 0.850496  0.430692  0.301929 -0.220905
-0.390299  0.901572  -0.18664 0.0534348
-0.352595 0.0408942  0.934882 0.0418703
        0         0         0         1
           1  5.29811e-05  1.25766e-05 -6.44177e-05
-5.29252e-05            1 -2.96831e-05  4.44055e-06
-1.25766e-05  2.96831e-05            1   2.5034e-06
           0            0            0            1
