 0.752329  0.447399  0.483566 -0.370725
-0.345342  0.892918 -0.288853  0.169614
-0.561017 0.0503171  0.826274 0.0959475
        0         0         0         1
 0.850575  0.430573  0.301875  -0.22081
-0.390125  0.901619 -0.186775 0.0533821
-0.352596 0.0410971  0.934873 0.0417591
        0         0         0         1
           1  8.41096e-05 -4.23789e-05  2.98023e-07
-8.42698e-05            1 -5.65499e-05 -1.50502e-05
 4.23789e-05  5.65499e-05            1 -2.66433e-05
           0            0            0            1
