 0.752292  0.447482  0.483546 -0.370727
-0.345432  0.892878 -0.288868  0.169637
-0.561011 0.0502807   0.82628 0.0960083
        0         0         0         1
 0.850525  0.430573  0.302015 -0.220842
-0.390219  0.901634 -0.186506 0.0534028
-0.352612 0.0407759  0.934881 0.0419219
        0         0         0         1
           1 -5.29736e-06  1.51396e-05   6.3628e-06
 5.37932e-06            1 -1.92225e-06 -7.92742e-06
  -1.508e-05  1.92225e-06            1  4.35114e-05
           0            0            0            1
