 0.752346  0.447372  0.483564 -0.370728
-0.345277  0.892927 -0.288902  0.169605
-0.561034 0.0503907  0.826257 0.0959195
        0         0         0         1
 0.850706  0.430299  0.301899 -0.220744
-0.389869   0.90175 -0.186679 0.0533606
-0.352565 0.0411076  0.934884 0.0417682
        0         0         0         1
           1 -0.000258256 -0.000153035  6.20037e-05
 0.000258386            1 -0.000198841  6.52671e-06
 0.000153065  0.000198781            1 -9.09567e-05
           0            0            0            1
