 0.752336  0.447434  0.483522 -0.370714
-0.345434  0.892905 -0.288783  0.169603
-0.560951  0.050237  0.826324 0.0960066
        0         0         0         1
 0.850566  0.430494  0.302014 -0.220776
-0.390195  0.901677  -0.18635 0.0533727
-0.352541  0.040659  0.934913 0.0419659
        0         0         0         1
           1  7.06948e-05 -1.44541e-05  7.13021e-06
-7.04676e-05            1 -3.73572e-05 -5.75185e-06
 1.45435e-05  3.72976e-05            1  2.50936e-05
           0            0            0            1
