  0.75225  0.447415  0.483673 -0.370732
-0.345433  0.892921 -0.288736  0.169617
-0.561066 0.0501251  0.826252 0.0960298
        0         0         0         1
 0.850555   0.43049  0.302051 -0.220833
-0.390145  0.901674 -0.186468 0.0533843
-0.352624 0.0407571  0.934877 0.0418985
        0         0         0         1
           1   -0.0002422 -7.25389e-05  6.87167e-05
 0.000242215            1 -5.15878e-05 -1.87159e-05
 7.26283e-05  5.15282e-05            1 -9.47714e-06
           0            0            0            1
