 0.752349   0.44729  0.483634 -0.370675
-0.345327   0.89298 -0.288679  0.169536
-0.560998 0.0501757  0.826294 0.0959979
        0         0         0         1
 0.850585   0.43047  0.301994 -0.220771
-0.390102   0.90168 -0.186531 0.0533557
-0.352598 0.0408524  0.934882 0.0418398
        0         0         0         1
           1 -3.33041e-06 -1.37091e-06  2.79695e-05
 3.44589e-06            1  1.86265e-06  1.51992e-06
 1.37091e-06 -1.89245e-06            1    5.126e-06
           0            0            0            1
