 0.752275  0.447418  0.483631 -0.370688
-0.345428  0.892917 -0.288755  0.169621
-0.561036 0.0501636   0.82627 0.0960175
        0         0         0         1
 0.850505  0.430549  0.302107 -0.220802
-0.390153  0.901643 -0.186604 0.0533857
-0.352735 0.0408392  0.934832 0.0418624
        0         0         0         1
           1  0.000153169  0.000231206 -3.24175e-05
-0.000153378            1  0.000179633 -3.26335e-05
-0.000231236 -0.000179633            1  6.59823e-05
           0            0            0            1
