 0.752332  0.447502  0.483464 -0.370703
-0.345586  0.892878 -0.288685  0.169668
-0.560862 0.0501089  0.826391 0.0960098
        0         0         0         1
  0.85042  0.430718  0.302106 -0.220862
-0.390412  0.901574 -0.186393 0.0534161
-0.352654 0.0405663  0.934874 0.0419458
        0         0         0         1
           1  0.000104539  6.11842e-05 -2.40952e-05
-0.000104684            1  9.03159e-05  1.27554e-05
-6.11842e-05 -9.02861e-05            1 -5.78165e-06
           0            0            0            1
