 0.752335  0.447354  0.483598 -0.370683
-0.345326  0.892943 -0.288794  0.169613
-0.561019 0.0502712  0.826275 0.0959984
        0         0         0         1
  0.85054  0.430574  0.301975  -0.22082
-0.390128  0.901622 -0.186754 0.0533955
-0.352679 0.0410323  0.934845 0.0417883
        0         0         0         1
           1  0.000172302  0.000116229 -3.48911e-05
-0.000172179            1  -0.00011991  -2.8193e-05
-0.000116229  0.000119865            1 -4.92334e-05
           0            0            0            1
