 0.752338  0.447421   0.48353 -0.370742
 -0.34536  0.892906  -0.28887  0.169592
-0.560993 0.0503358  0.826289 0.0959424
        0         0         0         1
 0.850582  0.430448  0.302033 -0.220796
-0.390065  0.901689 -0.186563  0.053343
-0.352645 0.0408747  0.934864 0.0418354
        0         0         0         1
           1 -0.000266138 -1.04606e-05  6.37323e-05
 0.000266235            1  1.48416e-05  -1.0699e-05
 1.04904e-05 -1.48863e-05            1   7.7486e-07
           0            0            0            1
