 0.752086  0.447825  0.483549 -0.370803
-0.345796  0.892717 -0.288931  0.169748
-0.561063 0.0500923  0.826256 0.0960308
        0         0         0         1
 0.850384  0.430806  0.302081 -0.220901
 -0.39036  0.901517  -0.18678 0.0534638
-0.352797 0.0409142  0.934805 0.0418252
        0         0         0         1
           1  0.000137638  9.84371e-05 -3.20226e-05
-0.000137649            1  3.12924e-06  5.27501e-06
-9.83775e-05 -3.15905e-06            1  9.47714e-06
           0            0            0            1
