 0.752046  0.447893  0.483548  -0.37076
-0.345806  0.892679 -0.289036  0.169756
-0.561111 0.0501545   0.82622 0.0960377
        0         0         0         1
 0.850412  0.430805  0.302005 -0.220922
 -0.39037  0.901516  -0.18676 0.0534077
 -0.35272 0.0409288  0.934833 0.0418653
        0         0         0         1
           1  0.000292439  5.19753e-05 -6.73831e-05
 -0.00029248            1 -7.68751e-05  2.98023e-07
-5.20051e-05  7.68602e-05            1 -1.26958e-05
           0            0            0            1
