  0.75223  0.447549  0.483579  -0.37066
-0.345621  0.892858 -0.288704  0.169657
-0.560977 0.0500365  0.826318 0.0960428
        0         0         0         1
 0.850454  0.430729  0.301994 -0.220867
-0.390296  0.901552 -0.186744 0.0534002
  -0.3527 0.0409503   0.93484 0.0418408
        0         0         0         1
           1  0.000166655 -3.87132e-05   -6.973e-05
-0.000166763            1  0.000107929  3.57628e-07
  3.8743e-05  -0.00010787            1  5.48959e-05
           0            0            0            1
