 0.752135  0.447771  0.483522 -0.370737
-0.345833   0.89275 -0.288787  0.169723
-0.560975 0.0499891  0.826322 0.0960473
        0         0         0         1
 0.850441  0.430825  0.301894 -0.220892
-0.390443   0.90151 -0.186637 0.0534584
-0.352569 0.0408513  0.934894 0.0418579
        0         0         0         1
           1  0.000130899 -8.40127e-05 -5.69746e-05
-0.000130869            1  0.000239462 -5.57303e-06
 8.39829e-05 -0.000239447            1  9.63211e-05
           0            0            0            1
