 0.752193  0.447587  0.483603 -0.370722
-0.345555  0.892832 -0.288864  0.169649
-0.561068 0.0501702  0.826248 0.0960539
        0         0         0         1
 0.850505  0.430683  0.301916 -0.220872
-0.390235   0.90157 -0.186787 0.0533941
-0.352644 0.0410452  0.934857 0.0418448
        0         0         0         1
           1 -5.98133e-05  1.83284e-05  3.34978e-05
 5.97239e-05            1  9.10163e-05 -3.46005e-05
-1.83284e-05 -9.10461e-05            1   9.4533e-05
           0            0            0            1
