 0.752106  0.447661   0.48367 -0.370714
-0.345552  0.892792 -0.288992  0.169655
-0.561187 0.0502196  0.826164 0.0960452
        0         0         0         1
 0.850502  0.430623  0.302012  -0.22082
-0.390168  0.901599 -0.186782 0.0533845
-0.352727 0.0410227  0.934827 0.0418231
        0         0         0         1
           1 -4.88386e-05  7.77543e-05  2.98023e-07
 4.87641e-05            1 -4.91887e-05 -8.52346e-06
-7.77543e-05  4.91589e-05            1 -7.15256e-07
           0            0            0            1
