 0.752087  0.447673  0.483688 -0.370704
-0.345614  0.892791  -0.28892  0.169728
-0.561174 0.0501231  0.826179 0.0960512
        0         0         0         1
 0.850413  0.430785   0.30203 -0.220927
-0.390426  0.901535 -0.186552 0.0534384
-0.352655 0.0407257  0.934867 0.0418928
        0         0         0         1
           1  9.58182e-05  0.000103265 -4.62383e-05
-9.59747e-05            1  7.83652e-05 -2.89083e-06
-0.000103295 -7.82907e-05            1  1.84178e-05
           0            0            0            1
