 0.752229  0.447595  0.483539 -0.370693
-0.345633  0.892832  -0.28877  0.169654
-0.560971 0.0500939  0.826318 0.0960073
        0         0         0         1
 0.850465  0.430686  0.302026 -0.220882
-0.390321   0.90158 -0.186555 0.0533883
-0.352647 0.0407713  0.934868 0.0418898
        0         0         0         1
           1 -0.000149433 -1.87159e-05  5.84722e-05
 0.000149377            1  5.82933e-05  2.44379e-06
 1.86861e-05 -5.82635e-05            1  1.19209e-07
           0            0            0            1
