 0.752211  0.447502  0.483654 -0.370655
-0.345573  0.892883 -0.288683  0.169644
-0.561032 0.0500127  0.826282 0.0960525
        0         0         0         1
 0.850462  0.430732  0.301967 -0.220838
-0.390348  0.901555 -0.186616 0.0534008
-0.352621 0.0408378  0.934874 0.0418553
        0         0         0         1
           1  -6.8076e-05  2.51532e-05  3.07411e-05
 6.81356e-05            1  0.000106573  1.69873e-06
-2.52128e-05 -0.000106543            1  5.05447e-05
           0            0            0            1
