 0.752123  0.447655  0.483649 -0.370691
-0.345639  0.892803 -0.288855  0.169673
 -0.56111 0.0500866  0.826225 0.0960376
        0         0         0         1
  0.85048  0.430766  0.301869 -0.220837
-0.390343  0.901533 -0.186737 0.0534045
-0.352585 0.0409836  0.934882 0.0418065
        0         0         0         1
           1  4.98891e-05 -9.92119e-05 -6.19888e-06
-4.98742e-05            1 -1.21891e-05 -6.16908e-06
 9.92417e-05  1.21593e-05            1  1.97291e-05
           0            0            0            1
