 0.752254   0.44753  0.483561  -0.37068
-0.345504  0.892858 -0.288847  0.169644
-0.561019  0.050214  0.826279 0.0960314
        0         0         0         1
 0.850438  0.430681  0.302108 -0.220795
-0.390226  0.901574  -0.18678  0.053403
-0.352816 0.0409544  0.934796  0.041823
        0         0         0         1
           1  0.000106584  0.000101745 -1.37612e-05
 -0.00010689            1 -0.000108138  7.39098e-06
-0.000101745  0.000108212            1 -7.69496e-05
           0            0            0            1
