 0.752255  0.447533  0.483556 -0.370689
-0.345601  0.892865 -0.288707   0.16966
-0.560956  0.050064   0.82633 0.0960388
        0         0         0         1
 0.850428  0.430787  0.301984 -0.220921
-0.390385  0.901528 -0.186672 0.0534193
-0.352663 0.0408611  0.934858 0.0418604
        0         0         0         1
           1 -3.85083e-05  4.33624e-05  4.16636e-05
 3.84264e-05            1  6.73532e-05  6.28829e-06
-4.33624e-05 -6.73383e-05            1  3.80278e-05
           0            0            0            1
