 0.752217  0.447657  0.483501 -0.370697
-0.345706  0.892802 -0.288775  0.169658
-0.560943  0.050072  0.826339  0.096049
        0         0         0         1
 0.850439  0.430758  0.301993 -0.220869
-0.390321  0.901537 -0.186761 0.0534211
-0.352707 0.0409547  0.934837 0.0418136
        0         0         0         1
           1 -1.41859e-05 -6.88136e-05  2.79993e-05
 1.40816e-05            1  4.55528e-05 -3.48687e-06
  6.8754e-05 -4.55379e-05            1   4.8697e-05
           0            0            0            1
