 0.752244  0.447584  0.483527 -0.370752
-0.345554  0.892831 -0.288868   0.16965
   -0.561 0.0502147  0.826291 0.0960075
        0         0         0         1
 0.850567  0.430549  0.301935 -0.220891
-0.390115  0.901634 -0.186724 0.0533795
-0.352628 0.0410323  0.934864 0.0417866
        0         0         0         1
           1 -0.000131957 -1.01924e-05 -1.19209e-06
 0.000131905            1 -4.43012e-05 -1.03712e-05
  1.0252e-05   4.4331e-05            1 -1.75834e-05
           0            0            0            1
