 0.752148  0.447537  0.483719 -0.370677
-0.345492  0.892858 -0.288858  0.169657
-0.561167 0.0501435  0.826182 0.0960188
        0         0         0         1
  0.85056  0.430576  0.301914 -0.220819
-0.390105  0.901616 -0.186832  0.053401
-0.352656 0.0411337  0.934848 0.0417253
        0         0         0         1
           1 -4.42229e-05  9.81688e-05  1.71587e-05
 4.39845e-05            1  3.45707e-05 -5.96046e-07
-9.82583e-05  -3.4526e-05            1 -5.96046e-07
           0            0            0            1
