 0.752119  0.447713  0.483601 -0.370742
-0.345723  0.892775 -0.288838  0.169701
-0.561064 0.0500489  0.826258 0.0960236
        0         0         0         1
 0.850526  0.430688  0.301848 -0.220888
-0.390232  0.901564 -0.186818 0.0534207
-0.352596 0.0411031  0.934872 0.0417749
        0         0         0         1
           1  7.89203e-05 -3.52859e-05 -6.88434e-05
-7.90283e-05            1 -0.000149384 -4.70877e-06
 3.54052e-05  0.000149399            1 -6.30021e-05
           0            0            0            1
