 0.752108  0.447585  0.483737 -0.370697
-0.345601  0.892841  -0.28878  0.169675
-0.561154 0.0500139  0.826199  0.096072
        0         0         0         1
 0.850434   0.43077  0.301992 -0.220907
 -0.39034  0.901533 -0.186743 0.0534291
-0.352699 0.0409333  0.934841 0.0418299
        0         0         0         1
           1  6.39707e-05 -2.14875e-05 -2.55704e-05
-6.41532e-05            1  4.45545e-06  2.05338e-05
 2.14279e-05 -4.47035e-06            1 -4.69685e-05
           0            0            0            1
