 0.752266  0.447446   0.48362 -0.370675
-0.345476  0.892905 -0.288734  0.169573
-0.561019 0.0501257  0.826284 0.0960269
        0         0         0         1
 0.850562  0.430576  0.301908 -0.220855
-0.390134   0.90162 -0.186756 0.0533619
-0.352619 0.0410632  0.934866 0.0418114
        0         0         0         1
           1 -9.80496e-05  7.53999e-06  9.76026e-06
 9.80794e-05            1  0.000122398 -2.70307e-05
-7.56979e-06 -0.000122368            1  6.44326e-05
           0            0            0            1
