 0.752182  0.447501    0.4837 -0.370717
-0.345519   0.89288 -0.288759  0.169664
-0.561106 0.0500718  0.826228 0.0960293
        0         0         0         1
 0.850536  0.430575  0.301983 -0.220818
-0.390148  0.901624 -0.186707 0.0534194
-0.352667  0.040983  0.934851 0.0417839
        0         0         0         1
           1 -6.11208e-05  2.32458e-06  3.31551e-06
 6.11283e-05            1 -6.91563e-05  3.44813e-05
-2.35438e-06  6.91563e-05            1 -3.73125e-05
           0            0            0            1
