 0.752099  0.447664  0.483677 -0.370709
-0.345574  0.892793 -0.288963  0.169661
-0.561182 0.0501824   0.82617 0.0959967
        0         0         0         1
 0.850432  0.430699    0.3021 -0.220849
 -0.39026  0.901568 -0.186743 0.0534266
-0.352793 0.0409143  0.934806 0.0418185
        0         0         0         1
           1 -0.000139207 -3.37064e-05  5.06938e-05
 0.000139076            1 -0.000188738  6.34789e-06
 3.37064e-05  0.000188783            1 -7.26581e-05
           0            0            0            1
