 0.752228  0.447516  0.483614 -0.370649
-0.345533  0.892871 -0.288771  0.169613
-0.561034 0.0501168  0.826274 0.0959995
        0         0         0         1
 0.850461  0.430703  0.302013 -0.220856
-0.390243  0.901561 -0.186807 0.0534145
-0.352742 0.0410137  0.934821 0.0417996
        0         0         0         1
           1  4.11756e-05   0.00010854  2.74926e-05
-4.11049e-05            1 -4.53442e-05  1.42753e-05
 -0.00010857  4.52697e-05            1 -3.34978e-05
           0            0            0            1
