a, b, c, offset_x, offset_y, offset_z
0.01, 0.01, 0.01, -0.0345591, -0.0338914, 0.235659
0.01, 0.01, 0.01, -0.0179292, -0.0429305, 0.242053
0.01, 0.01, 0.01, -0.000197201, -0.0517386, 0.239382
0.01, 0.01, 0.01, 0.0149307, -0.0584747, 0.228206
0.01, 0.01, 0.01, -0.00173844, -0.0513379, 0.243784
0.01, 0.01, 0.01, 0.0159767, -0.060121, 0.240927
0.01, 0.01, 0.01, 0.0310147, -0.0667975, 0.229594
0.01, 0.01, 0.01, 0.0402323, -0.069972, 0.212156
0.01, 0.01, 0.01, 0.0314004, -0.067399, 0.234221
0.01, 0.01, 0.01, 0.046347, -0.0740154, 0.222734
0.01, 0.01, 0.01, 0.0554194, -0.0771079, 0.205205
0.01, 0.01, 0.01, 0.0567216, -0.0760303, 0.185298
0.01, 0.01, 0.01, 0.0576482, -0.0785808, 0.209049
0.01, 0.01, 0.01, 0.0665747, -0.0815911, 0.191431
0.01, 0.01, 0.01, 0.067708, -0.0804269, 0.171519
0.01, 0.01, 0.01, 0.0608114, -0.0753315, 0.153474
0.01, 0.01, 0.01, 0.0184058, -0.0614648, 0.24213
0.01, 0.01, 0.01, 0.0361534, -0.0702977, 0.239652
0.01, 0.01, 0.01, 0.0513723, -0.0770943, 0.228637
0.01, 0.01, 0.01, 0.0608816, -0.080434, 0.211387
0.01, 0.01, 0.01, 0.0516779, -0.0776559, 0.233275
0.01, 0.01, 0.01, 0.0668082, -0.0843936, 0.222103
0.01, 0.01, 0.01, 0.0761741, -0.0876519, 0.204759
0.01, 0.01, 0.01, 0.077818, -0.08675, 0.184869
0.01, 0.01, 0.01, 0.0783345, -0.0890943, 0.208654
0.01, 0.01, 0.01, 0.087556, -0.092271, 0.191218
0.01, 0.01, 0.01, 0.0890313, -0.0912823, 0.171319
0.01, 0.01, 0.01, 0.0824521, -0.0863349, 0.153115
0.01, 0.01, 0.01, 0.0925766, -0.0932917, 0.173623
0.01, 0.01, 0.01, 0.0938832, -0.0922163, 0.153717
0.01, 0.01, 0.01, 0.087147, -0.0871957, 0.13559
0.01, 0.01, 0.01, 0.073776, -0.079279, 0.123033
0.01, 0.01, 0.01, 0.0695057, -0.0857581, 0.221978
0.01, 0.01, 0.01, 0.0848141, -0.0926146, 0.211126
0.01, 0.01, 0.01, 0.0944699, -0.0960375, 0.193974
0.01, 0.01, 0.01, 0.0964548, -0.0953116, 0.174108
0.01, 0.01, 0.01, 0.0965612, -0.0974489, 0.197917
0.01, 0.01, 0.01, 0.106074, -0.100791, 0.18067
0.01, 0.01, 0.01, 0.107891, -0.099978, 0.160791
0.01, 0.01, 0.01, 0.101632, -0.0951803, 0.142435
0.01, 0.01, 0.01, 0.111393, -0.101972, 0.163173
0.01, 0.01, 0.01, 0.113041, -0.101073, 0.143283
0.01, 0.01, 0.01, 0.106624, -0.0962008, 0.125002
0.01, 0.01, 0.01, 0.0934819, -0.0883751, 0.112149
0.01, 0.01, 0.01, 0.110775, -0.098344, 0.125304
0.01, 0.01, 0.01, 0.1042, -0.0933985, 0.107099
0.01, 0.01, 0.01, 0.0909444, -0.0855275, 0.0943916
0.01, 0.01, 0.01, 0.0737787, -0.0763763, 0.0898388
0.01, 0.01, 0.01, 0.1085, -0.101903, 0.179243
0.01, 0.01, 0.01, 0.118301, -0.105408, 0.162191
0.01, 0.01, 0.01, 0.120458, -0.104772, 0.14234
0.01, 0.01, 0.01, 0.114521, -0.100126, 0.123838
0.01, 0.01, 0.01, 0.123916, -0.10675, 0.144799
0.01, 0.01, 0.01, 0.125905, -0.106027, 0.124933
0.01, 0.01, 0.01, 0.119809, -0.101305, 0.106502
0.01, 0.01, 0.01, 0.106901, -0.0935735, 0.0933595
0.01, 0.01, 0.01, 0.123951, -0.103452, 0.106895
0.01, 0.01, 0.01, 0.117696, -0.0986561, 0.0885368
0.01, 0.01, 0.01, 0.104672, -0.0908776, 0.0755367
0.01, 0.01, 0.01, 0.0876005, -0.081742, 0.0706115
0.01, 0.01, 0.01, 0.108597, -0.0927251, 0.0737769
0.01, 0.01, 0.01, 0.0954577, -0.0849006, 0.0609207
0.01, 0.01, 0.01, 0.0783391, -0.0757568, 0.0561791
0.01, 0.01, 0.01, 0.0608189, -0.0672049, 0.060543
0.01, 0.01, 0.01, -0.038523, -0.0446257, 0.23472
0.01, 0.01, 0.01, -0.0203832, -0.0495761, 0.241471
0.01, 0.01, 0.01, -0.0010413, -0.0540244, 0.239182
0.01, 0.01, 0.01, 0.0154601, -0.0570411, 0.228331
0.01, 0.01, 0.01, -0.00272248, -0.0540027, 0.243551
0.01, 0.01, 0.01, 0.0166011, -0.0584302, 0.241075
0.01, 0.01, 0.01, 0.0330043, -0.0614094, 0.230066
0.01, 0.01, 0.01, 0.0430589, -0.0623177, 0.212826
0.01, 0.01, 0.01, 0.0334251, -0.0619161, 0.234701
0.01, 0.01, 0.013, 0.0497287, -0.0648576, 0.223535
0.018, 0.01, 0.013, 0.0596248, -0.0657196, 0.206201
0.01, 0.01, 0.01, 0.0610452, -0.0643218, 0.186322
0.02, 0.01, 0.02, 0.062056, -0.0666444, 0.210094
0.026, 0.01, 0.01, 0.0717929, -0.06746, 0.192668
0.016, 0.015, 0.023, 0.0730291, -0.0660172, 0.17278
0.01, 0.01, 0.01, 0.0655064, -0.0626175, 0.154587
0.01, 0.01, 0.01, 0.0192507, -0.0591768, 0.24233
0.01, 0.01, 0.01, 0.0386096, -0.0636462, 0.240234
0.01, 0.01, 0.01, 0.0552102, -0.066701, 0.229546
0.023, 0.01, 0.012, 0.065583, -0.0677027, 0.212501
0.01, 0.01, 0.01, 0.0555436, -0.0671874, 0.234191
0.01, 0.01, 0.01, 0.0720476, -0.0702051, 0.223344
0.015, 0.015, 0.01, 0.0822638, -0.0711607, 0.206202
0.032, 0.011, 0.017, 0.084057, -0.0698546, 0.186347
0.01, 0.01, 0.01, 0.0846204, -0.0720719, 0.210143
0.016, 0.014, 0.01, 0.0946792, -0.0729813, 0.192906
0.029, 0.018, 0.013, 0.0962884, -0.0716299, 0.173038
0.035, 0.013, 0.01, 0.0891119, -0.0683001, 0.154693
0.023, 0.021, 0.012, 0.100156, -0.0727676, 0.175419
0.032, 0.019, 0.01, 0.101581, -0.071371, 0.15554
0.04, 0.01, 0.044, 0.094233, -0.0680066, 0.137269
0.028, 0.012, 0.015, 0.079648, -0.0633774, 0.124425
0.01, 0.01, 0.01, 0.07499, -0.0709064, 0.223278
0.01, 0.01, 0.01, 0.0916883, -0.0739991, 0.212754
0.01, 0.01, 0.01, 0.102221, -0.075048, 0.19581
0.018, 0.018, 0.01, 0.104386, -0.073834, 0.175987
0.01, 0.01, 0.01, 0.104502, -0.0759452, 0.199799
0.01, 0.01, 0.01, 0.114879, -0.0769482, 0.182756
0.013, 0.012, 0.01, 0.11686, -0.0756887, 0.162916
0.027, 0.023, 0.02, 0.110033, -0.07243, 0.144426
0.01, 0.01, 0.01, 0.120681, -0.0768218, 0.165374
0.015, 0.015, 0.01, 0.122478, -0.0755169, 0.145519
0.025, 0.025, 0.027, 0.115478, -0.072223, 0.1271
0.044, 0.011, 0.01, 0.101143, -0.0676284, 0.113965
0.021, 0.023, 0.015, 0.120006, -0.0733455, 0.127492
0.03, 0.023, 0.011, 0.112834, -0.0700166, 0.109144
0.044, 0.011, 0.011, 0.0983752, -0.0654048, 0.0961521
0.03, 0.011, 0.01, 0.0796509, -0.060474, 0.09123
0.01, 0.01, 0.01, 0.117524, -0.0774637, 0.181381
0.01, 0.01, 0.01, 0.128215, -0.0785598, 0.16454
0.01, 0.01, 0.01, 0.130569, -0.0773927, 0.144735
0.017, 0.018, 0.019, 0.124092, -0.0742063, 0.126106
0.01, 0.01, 0.01, 0.13434, -0.0785208, 0.147268
0.01, 0.01, 0.01, 0.13651, -0.0773081, 0.127445
0.013, 0.013, 0.012, 0.12986, -0.0740859, 0.108884
0.024, 0.026, 0.015, 0.11578, -0.0695277, 0.0954632
0.01, 0.01, 0.01, 0.134378, -0.0752139, 0.109365
0.011, 0.011, 0.012, 0.127555, -0.0719561, 0.0908727
0.019, 0.013, 0.01, 0.113349, -0.0673798, 0.0775925
0.036, 0.015, 0.01, 0.0947277, -0.0624414, 0.0723001
0.014, 0.015, 0.012, 0.11763, -0.0682623, 0.0759171
0.019, 0.013, 0.01, 0.103298, -0.0636682, 0.0627783
0.033, 0.011, 0.01, 0.0846255, -0.0587333, 0.0576685
0.023, 0.01, 0.012, 0.0655146, -0.054489, 0.0616555
0.01, 0.01, 0.01, -0.039869, -0.0559844, 0.233726
0.01, 0.01, 0.01, -0.0212165, -0.0566082, 0.240856
0.01, 0.01, 0.01, -0.00132793, -0.0564433, 0.23897
0.01, 0.01, 0.01, 0.0156399, -0.0555241, 0.228464
0.01, 0.01, 0.01, -0.00305662, -0.0568225, 0.243305
0.01, 0.01, 0.01, 0.0168131, -0.0566411, 0.241231
0.01, 0.01, 0.01, 0.0336799, -0.0557079, 0.230565
0.01, 0.01, 0.01, 0.0440187, -0.054218, 0.213534
0.01, 0.01, 0.01, 0.0341126, -0.0561142, 0.235208
0.022, 0.014, 0.01, 0.050877, -0.0551671, 0.224383
0.019, 0.019, 0.011, 0.0610528, -0.0536687, 0.207255
0.01, 0.01, 0.01, 0.0625134, -0.0519322, 0.187406
0.025, 0.019, 0.01, 0.0635527, -0.0540137, 0.211199
0.025, 0.023, 0.01, 0.0735648, -0.0525069, 0.193976
0.016, 0.025, 0.012, 0.074836, -0.0507693, 0.174114
0.01, 0.01, 0.01, 0.0671006, -0.0491638, 0.155764
0.01, 0.01, 0.01, 0.0195375, -0.0567558, 0.242542
0.01, 0.01, 0.01, 0.0394436, -0.0566078, 0.24085
0.01, 0.01, 0.01, 0.0565135, -0.0557031, 0.230509
0.024, 0.021, 0.011, 0.0671793, -0.0542308, 0.21368
0.01, 0.01, 0.01, 0.0568563, -0.05611, 0.23516
0.01, 0.01, 0.01, 0.0738267, -0.0551913, 0.224658
0.014, 0.029, 0.01, 0.0843317, -0.0537102, 0.207729
0.03, 0.028, 0.019, 0.0861755, -0.0519764, 0.187911
0.01, 0.01, 0.01, 0.0867549, -0.0540593, 0.211719
0.015, 0.027, 0.01, 0.0970979, -0.0525696, 0.194691
0.029, 0.033, 0.013, 0.0987526, -0.0508344, 0.174857
0.033, 0.029, 0.011, 0.0913732, -0.0492163, 0.156362
0.023, 0.035, 0.01, 0.102729, -0.0510497, 0.177319
0.031, 0.035, 0.015, 0.104195, -0.0493132, 0.15747
0.04, 0.031, 0.017, 0.0966392, -0.0477013, 0.139046
0.027, 0.027, 0.01, 0.0816419, -0.0465508, 0.125897
0.01, 0.01, 0.01, 0.0768523, -0.0551908, 0.224653
0.01, 0.01, 0.01, 0.0940225, -0.0543007, 0.214478
0.01, 0.01, 0.01, 0.104853, -0.0528375, 0.197753
0.017, 0.039, 0.011, 0.107079, -0.0511071, 0.177975
0.01, 0.01, 0.01, 0.107198, -0.0531907, 0.20179
0.01, 0.01, 0.01, 0.117868, -0.0517186, 0.184963
0.011, 0.039, 0.012, 0.119906, -0.0499864, 0.165165
0.026, 0.039, 0.023, 0.112885, -0.0483562, 0.146532
0.01, 0.01, 0.01, 0.123834, -0.0502084, 0.167702
0.014, 0.032, 0.01, 0.125683, -0.0484747, 0.147885
0.025, 0.043, 0.012, 0.118485, -0.0468504, 0.129319
0.041, 0.034, 0.02, 0.103745, -0.045675, 0.115885
0.02, 0.047, 0.01, 0.123141, -0.0468929, 0.129806
0.029, 0.04, 0.016, 0.115766, -0.0452747, 0.111309
0.041, 0.032, 0.021, 0.100898, -0.0441115, 0.098015
0.028, 0.027, 0.01, 0.0816449, -0.0436467, 0.0927022
0.01, 0.01, 0.01, 0.120589, -0.0516032, 0.183644
0.01, 0.01, 0.01, 0.131582, -0.0501493, 0.167026
0.01, 0.01, 0.01, 0.134002, -0.0484209, 0.14727
0.016, 0.047, 0.016, 0.127342, -0.0467792, 0.128506
0.01, 0.01, 0.01, 0.13788, -0.0486494, 0.149882
0.01, 0.01, 0.01, 0.140111, -0.0469191, 0.130104
0.011, 0.039, 0.01, 0.133273, -0.045283, 0.111404
0.023, 0.042, 0.016, 0.118795, -0.0440831, 0.0976893
0.01, 0.01, 0.01, 0.137919, -0.0453334, 0.111979
0.01, 0.01, 0.01, 0.130903, -0.043703, 0.0933446
0.018, 0.041, 0.01, 0.116295, -0.0425152, 0.0797679
0.035, 0.032, 0.01, 0.0971478, -0.0420181, 0.0740869
0.013, 0.039, 0.01, 0.120698, -0.0423764, 0.0781818
0.017, 0.038, 0.01, 0.105961, -0.0412007, 0.064744
0.032, 0.028, 0.01, 0.0867601, -0.0407195, 0.0592445
0.039, 0.017, 0.01, 0.067109, -0.0410334, 0.0628327
0.01, 0.01, 0.01, -0.0385231, -0.067343, 0.232732
0.01, 0.01, 0.01, -0.0203832, -0.0636403, 0.240241
0.01, 0.01, 0.01, -0.00104132, -0.0588621, 0.238759
0.01, 0.01, 0.01, 0.0154601, -0.0540071, 0.228597
0.01, 0.01, 0.01, -0.00272249, -0.0596423, 0.243058
0.01, 0.01, 0.01, 0.0166011, -0.054852, 0.241388
0.01, 0.01, 0.01, 0.0330044, -0.0500064, 0.231063
0.01, 0.01, 0.01, 0.0430589, -0.0461184, 0.214243
0.01, 0.01, 0.01, 0.0334251, -0.0503124, 0.235716
0.01, 0.01, 0.01, 0.0497287, -0.0454767, 0.22523
0.01, 0.01, 0.01, 0.0596249, -0.0416179, 0.20831
0.01, 0.01, 0.01, 0.0610453, -0.0395425, 0.18849
0.01, 0.01, 0.01, 0.0620561, -0.041383, 0.212304
0.01, 0.01, 0.01, 0.071793, -0.0375539, 0.195284
0.01, 0.01, 0.01, 0.0730292, -0.0355213, 0.175448
0.01, 0.01, 0.01, 0.0655064, -0.0357102, 0.156941
0.01, 0.01, 0.01, 0.0192507, -0.0543347, 0.242754
0.01, 0.01, 0.01, 0.0386096, -0.0495694, 0.241465
0.01, 0.01, 0.01, 0.0552103, -0.0447052, 0.231471
0.01, 0.01, 0.01, 0.065583, -0.0407589, 0.214858
0.01, 0.01, 0.01, 0.0555437, -0.0450326, 0.236129
0.01, 0.01, 0.01, 0.0720477, -0.0401774, 0.225971
0.013, 0.01, 0.011, 0.0822639, -0.0362597, 0.209255
0.016, 0.01, 0.01, 0.0840571, -0.0340982, 0.189475
0.01, 0.01, 0.01, 0.0846205, -0.0360467, 0.213295
0.016, 0.011, 0.01, 0.0946793, -0.0321579, 0.196477
0.023, 0.01, 0.016, 0.0962885, -0.0300388, 0.176677
0.02, 0.01, 0.015, 0.089112, -0.0301324, 0.158032
0.023, 0.011, 0.012, 0.100156, -0.0293318, 0.179219
0.028, 0.01, 0.01, 0.101581, -0.0272553, 0.1594
0.022, 0.01, 0.014, 0.0942331, -0.0273959, 0.140822
0.014, 0.01, 0.011, 0.0796481, -0.0297242, 0.127369
0.01, 0.01, 0.01, 0.0749901, -0.0394752, 0.226028
0.01, 0.01, 0.01, 0.0916884, -0.0346023, 0.216201
0.01, 0.01, 0.01, 0.102221, -0.030627, 0.199697
0.018, 0.013, 0.012, 0.104386, -0.0283802, 0.179963
0.01, 0.01, 0.01, 0.104502, -0.0304361, 0.20378
0.01, 0.01, 0.01, 0.114879, -0.026489, 0.187171
0.013, 0.011, 0.01, 0.116861, -0.0242842, 0.167413
0.027, 0.011, 0.02, 0.110033, -0.0242825, 0.148638
0.01, 0.01, 0.01, 0.120681, -0.023595, 0.17003
0.015, 0.015, 0.011, 0.122479, -0.0214325, 0.150251
0.025, 0.013, 0.029, 0.115478, -0.0214778, 0.131539
0.026, 0.01, 0.019, 0.101143, -0.0237215, 0.117806
0.021, 0.015, 0.02, 0.120007, -0.0204403, 0.13212
0.03, 0.011, 0.012, 0.112834, -0.0205327, 0.113474
0.024, 0.01, 0.03, 0.0983753, -0.0228183, 0.0998779
0.016, 0.01, 0.01, 0.079651, -0.0268194, 0.0941744
0.01, 0.01, 0.01, 0.117524, -0.0257426, 0.185906
0.01, 0.01, 0.01, 0.128215, -0.0217387, 0.169511
0.01, 0.01, 0.01, 0.130569, -0.019449, 0.149804
0.017, 0.016, 0.022, 0.124092, -0.019352, 0.130905
0.01, 0.01, 0.01, 0.134341, -0.018778, 0.152495
0.01, 0.01, 0.01, 0.136511, -0.0165301, 0.132763
0.013, 0.013, 0.011, 0.129861, -0.0164801, 0.113924
0.024, 0.013, 0.015, 0.11578, -0.0186385, 0.0999155
0.01, 0.01, 0.01, 0.134379, -0.0154528, 0.114594
0.011, 0.011, 0.013, 0.127555, -0.0154499, 0.0958164
0.019, 0.014, 0.01, 0.113349, -0.0176505, 0.0819432
0.022, 0.01, 0.018, 0.0947278, -0.0215948, 0.0758737
0.014, 0.015, 0.011, 0.11763, -0.0164906, 0.0804465
0.019, 0.012, 0.01, 0.103298, -0.0187332, 0.0667096
0.016, 0.01, 0.02, 0.0846256, -0.0227057, 0.0608205
0.01, 0.01, 0.01, 0.0655146, -0.0275778, 0.0640099
