r, offset_x, offset_y, offset_z
0.004, 0.0833684, 0.152277, -0.0036675
0.003, 0.0809763, 0.15164, 0.0290337
0.007, 0.0697345, 0.136337, 0.0557722
0.005, 0.0530812, 0.111049, 0.0683701
0.001, 0.0783765, 0.150074, 0.0555698
0.003, 0.0673508, 0.135144, 0.0826074
0.015, 0.0507858, 0.110044, 0.0956874
0.004, 0.033748, 0.08245, 0.0908094
0.004, 0.0578681, 0.122114, 0.103907
0.003, 0.0413958, 0.0972079, 0.117466
0.014, 0.0242959, 0.0695658, 0.113107
0.007, 0.0117984, 0.0476419, 0.0921626
0.004, 0.0277714, 0.076481, 0.127373
0.003, 0.0106139, 0.0487975, 0.123533
0.005, -0.0020781, 0.0266033, 0.102995
0.005, -0.00642285, 0.0166865, 0.0720387
0.004, 0.0793893, 0.154851, -0.00306726
0.004, 0.0865909, 0.148008, 0.0281868
0.009, 0.0828135, 0.127878, 0.0537993
0.003, 0.0692123, 0.100617, 0.0659368
0.003, 0.0917491, 0.141425, 0.0535526
0.004, 0.0882853, 0.121605, 0.0794495
0.015, 0.074919, 0.0944358, 0.0920471
0.004, 0.0557381, 0.0682281, 0.0874923
0.003, 0.0847272, 0.104743, 0.0998557
0.005, 0.0715991, 0.0776741, 0.11291
0.019, 0.0525074, 0.0513201, 0.108851
0.008, 0.0332912, 0.0337415, 0.0889205
0.004, 0.0603532, 0.0554089, 0.122458
0.01, 0.0413556, 0.0289154, 0.118896
0.02, 0.0220571, 0.010994, 0.0993541
0.007, 0.00836008, 0.00712571, 0.0698088
0.003, 0.0759019, 0.157254, -0.000857598
0.003, 0.0915115, 0.144618, 0.025069
0.011, 0.0942758, 0.119981, 0.0465364
0.005, 0.0833494, 0.0908765, 0.0569792
0.001, 0.103469, 0.13335, 0.0461266
0.005, 0.106632, 0.108964, 0.0678244
0.019, 0.0960691, 0.0798637, 0.0786458
0.005, 0.0750101, 0.05495, 0.075281
0.005, 0.108266, 0.0885251, 0.0849406
0.013, 0.0980692, 0.0594366, 0.0961378
0.023, 0.0772318, 0.0342854, 0.0931851
0.008, 0.0521274, 0.0207637, 0.0769854
0.014, 0.0889077, 0.0357353, 0.104365
0.024, 0.0682974, 0.0103529, 0.101825
0.026, 0.0432091, -0.00357938, 0.0859517
0.009, 0.0213158, -0.00180055, 0.0615998
0.004, 0.0733438, 0.159184, 0.00268439
0.003, 0.095121, 0.141894, 0.0200712
0.008, 0.102684, 0.113635, 0.0348944
0.005, 0.0937198, 0.0830501, 0.0426204
0.004, 0.112066, 0.126862, 0.0342232
0.007, 0.120091, 0.0988068, 0.0491899
0.021, 0.111584, 0.0681548, 0.0571641
0.008, 0.0891472, 0.0442809, 0.0557069
0.01, 0.125534, 0.0754936, 0.0610325
0.021, 0.117486, 0.0447827, 0.0692529
0.019, 0.0953686, 0.0205978, 0.0680731
0.009, 0.0659448, 0.0103359, 0.057854
0.026, 0.109854, 0.0199273, 0.075363
0.022, 0.0880608, -0.00456224, 0.0744609
0.012, 0.0587252, -0.0152892, 0.0644682
0.005, 0.0308195, -0.00897289, 0.048441
0.001, 0.113768, 0.125939, -0.00136316
0.004, 0.110603, 0.125981, 0.0312786
0.014, 0.0954439, 0.113908, 0.0577345
0.007, 0.0729256, 0.0934114, 0.0699133
0.002, 0.107144, 0.125156, 0.0577498
0.003, 0.0922776, 0.113394, 0.0845104
0.014, 0.0698801, 0.093059, 0.0971734
0.005, 0.0468013, 0.0703719, 0.0918661
0.001, 0.0794875, 0.103088, 0.105572
0.003, 0.0572165, 0.0829205, 0.118716
0.014, 0.0340549, 0.0602028, 0.113926
0.007, 0.0170868, 0.0418829, 0.0926665
0.001, 0.0387929, 0.0661134, 0.12828
0.004, 0.0155545, 0.0433707, 0.124008
0.004, -0.00167605, 0.0248364, 0.103149
0.006, -0.0076289, 0.0161791, 0.0720831
0.002, 0.110514, 0.129398, -0.000840318
0.002, 0.115194, 0.121102, 0.0305409
0.015, 0.106138, 0.102541, 0.056016
0.009, 0.0861147, 0.0793926, 0.0677938
0.001, 0.118078, 0.113535, 0.0559927
0.004, 0.109394, 0.0952001, 0.0817597
0.016, 0.0896118, 0.0720858, 0.0940025
0.012, 0.0647809, 0.0512612, 0.0889767
0.005, 0.101448, 0.0797459, 0.102043
0.004, 0.0819113, 0.056672, 0.114747
0.019, 0.0571212, 0.0356853, 0.110219
0.009, 0.0346597, 0.0232043, 0.0898425
0.004, 0.0654324, 0.0377979, 0.123999
0.01, 0.0406895, 0.0166544, 0.119969
0.018, 0.0180574, 0.00386149, 0.0999782
0.011, 0.00445793, 0.00333187, 0.0701407
0.002, 0.107663, 0.132576, 0.00130151
0.003, 0.119217, 0.116618, 0.0275187
0.015, 0.115509, 0.0920958, 0.0489761
0.014, 0.0976735, 0.0665094, 0.0591111
0.001, 0.12766, 0.102855, 0.0487947
0.005, 0.124395, 0.0784806, 0.0704914
0.019, 0.106905, 0.0528117, 0.0810126
0.013, 0.0805381, 0.0336987, 0.0771403
0.005, 0.120694, 0.0582947, 0.0875855
0.013, 0.103554, 0.0325499, 0.0984902
0.029, 0.0773364, 0.013154, 0.0950339
0.017, 0.0500606, 0.00603894, 0.0782737
0.014, 0.0887791, 0.0117762, 0.106461
0.02, 0.0627177, -0.0078977, 0.103422
0.028, 0.0353517, -0.0154143, 0.0869871
0.011, 0.0150508, -0.00847463, 0.0621837
0.001, 0.105571, 0.135075, 0.00479374
0.003, 0.122168, 0.113091, 0.0225912
0.008, 0.122384, 0.0838809, 0.0374977
0.009, 0.106153, 0.0563775, 0.044954
0.002, 0.134689, 0.0944552, 0.0370585
0.007, 0.135399, 0.0653315, 0.0521187
0.021, 0.11959, 0.0376537, 0.0598327
0.008, 0.0920969, 0.0198867, 0.0578412
0.01, 0.134812, 0.0414244, 0.0640133
0.019, 0.11943, 0.0135792, 0.0719829
0.019, 0.0921654, -0.0045657, 0.0702747
0.009, 0.061358, -0.0074607, 0.0594111
0.021, 0.105905, -0.00868845, 0.0778666
0.022, 0.0788767, -0.0272066, 0.0764421
0.012, 0.048038, -0.0305736, 0.0658054
0.005, 0.0228212, -0.0177598, 0.0492098
0.003, 0.136868, 0.0930579, 0.00151369
0.001, 0.13312, 0.0939453, 0.0340815
0.014, 0.114943, 0.0859491, 0.0601807
0.012, 0.0878975, 0.0715149, 0.071829
0.002, 0.129006, 0.0940466, 0.0604716
0.003, 0.111182, 0.0862821, 0.0868824
0.014, 0.0842827, 0.0719771, 0.0990179
0.011, 0.056534, 0.0555068, 0.0931667
0.003, 0.0958446, 0.079417, 0.107643
0.003, 0.0690977, 0.0652449, 0.120262
0.013, 0.0412504, 0.048766, 0.114926
0.007, 0.0208196, 0.0350205, 0.0932669
0.003, 0.0469694, 0.0533977, 0.129392
0.003, 0.0190305, 0.0369145, 0.124573
0.003, -0.00171499, 0.0230251, 0.103308
0.006, -0.00892234, 0.0159775, 0.0721008
0.002, 0.134534, 0.0971995, 0.00197673
0.003, 0.136414, 0.0881015, 0.0334281
0.014, 0.122616, 0.0723363, 0.0586587
0.018, 0.0973611, 0.0547254, 0.0699519
0.003, 0.136851, 0.0801281, 0.0589155
0.004, 0.123464, 0.064493, 0.0844463
0.015, 0.0984409, 0.0468589, 0.0962096
0.018, 0.069435, 0.0326191, 0.0906077
0.001, 0.111602, 0.0514615, 0.104517
0.005, 0.0868172, 0.0338086, 0.116748
0.019, 0.0578013, 0.0194029, 0.111644
0.016, 0.0334288, 0.0126503, 0.0907658
0.006, 0.0660842, 0.0194859, 0.125601
0.005, 0.0370659, 0.00491798, 0.120996
0.013, 0.0124445, -0.00209528, 0.100499
0.011, -0.000249594, 0.000591088, 0.0703805
0.001, 0.132488, 0.100977, 0.00406616
0.002, 0.1393, 0.0827722, 0.0304799
0.015, 0.129341, 0.0599219, 0.0517911
0.018, 0.105655, 0.0394141, 0.0614817
0.001, 0.143727, 0.0674349, 0.0518936
0.005, 0.134228, 0.0446221, 0.0734538
0.02, 0.110849, 0.023952, 0.0835376
0.027, 0.0807414, 0.0117464, 0.0790609
0.006, 0.125412, 0.0259671, 0.0904139
0.011, 0.102346, 0.00514002, 0.100888
0.022, 0.0723065, -0.00737505, 0.09683
0.025, 0.0444795, -0.00775039, 0.0794802
0.007, 0.0828364, -0.0114403, 0.108492
0.012, 0.0528719, -0.0242616, 0.104854
0.018, 0.0248538, -0.0250041, 0.0878262
0.011, 0.00735115, -0.0134407, 0.0626182
0.001, 0.130987, 0.103915, 0.00751994
0.003, 0.141418, 0.0786257, 0.0256067
0.007, 0.134274, 0.0502628, 0.040439
0.007, 0.111739, 0.0275009, 0.0474805
0.002, 0.148771, 0.0575589, 0.0402866
0.008, 0.142124, 0.0291615, 0.0552833
0.02, 0.119951, 0.00612915, 0.0625908
0.009, 0.0890352, -0.00449379, 0.0599743
0.009, 0.135542, 0.00613109, 0.0671011
0.016, 0.113738, -0.0171658, 0.0746729
0.019, 0.0829468, -0.0282099, 0.0723434
0.009, 0.0525858, -0.0236233, 0.0608252
0.014, 0.095125, -0.0355027, 0.0802126
0.016, 0.0644665, -0.046965, 0.0781708
0.01, 0.0339567, -0.0428285, 0.0668776
0.005, 0.0129267, -0.0243582, 0.0497871
0.003, 0.151298, 0.0555861, 0.00479215
0.003, 0.147188, 0.0574346, 0.0372758
0.015, 0.127074, 0.0541217, 0.0629653
0.02, 0.0971075, 0.0466608, 0.0740036
0.001, 0.142664, 0.0585923, 0.0635736
0.003, 0.122942, 0.0554201, 0.0895825
0.014, 0.0931382, 0.0480506, 0.101111
0.016, 0.0623679, 0.0387378, 0.0946338
0.003, 0.105968, 0.0525071, 0.109997
0.003, 0.0763339, 0.0452309, 0.122013
0.013, 0.045455, 0.035935, 0.116049
0.009, 0.0227751, 0.0274623, 0.0939282
0.002, 0.0518152, 0.0390892, 0.130644
0.004, 0.0208356, 0.0298124, 0.125194
0.003, -0.00219262, 0.021277, 0.103461
0.005, -0.0102263, 0.0160935, 0.0720906
0.004, 0.150021, 0.0601694, 0.00521655
0.004, 0.14899, 0.0509676, 0.036677
0.015, 0.131271, 0.0390571, 0.0615704
0.025, 0.102284, 0.0280807, 0.0722831
0.003, 0.146955, 0.0431894, 0.0621473
0.004, 0.12966, 0.0313071, 0.0873498
0.013, 0.100882, 0.0202535, 0.0985374
0.026, 0.0694239, 0.0134091, 0.0922884
0.004, 0.114586, 0.0215701, 0.107133
0.005, 0.0860254, 0.010442, 0.118792
0.014, 0.0545073, 0.00344032, 0.11304
0.024, 0.0296716, 0.00270638, 0.0916358
0.003, 0.0622699, 0.00156072, 0.127169
0.004, 0.0306998, -0.00559656, 0.121916
0.007, 0.00555177, -0.00652247, 0.100887
0.007, -0.00548285, -0.000933828, 0.070514
0.003, 0.148902, 0.0643335, 0.0072721
0.003, 0.150568, 0.0450921, 0.0337766
0.015, 0.134949, 0.0253703, 0.054814
0.017, 0.10682, 0.0112, 0.0639502
0.002, 0.150716, 0.0291953, 0.0552393
0.006, 0.135547, 0.00939974, 0.0765354
0.015, 0.107668, -0.00500111, 0.0860707
0.028, 0.0756079, -0.00960286, 0.0809288
0.003, 0.122139, -0.00653711, 0.0932577
0.004, 0.094519, -0.0211648, 0.10319
0.014, 0.0624408, -0.0260822, 0.0984667
0.03, 0.0357157, -0.0197852, 0.0805331
0.005, 0.0714324, -0.0325351, 0.110338
0.005, 0.0393448, -0.0377668, 0.106035
0.01, 0.0123389, -0.0317792, 0.0884189
0.009, -0.00132569, -0.0164037, 0.0628774
0.005, 0.148081, 0.0675561, 0.010701
0.003, 0.151727, 0.0405449, 0.0289384
0.008, 0.137647, 0.0147779, 0.0435436
0.007, 0.110147, -0.00186426, 0.0500497
0.004, 0.153475, 0.0183649, 0.0437157
0.007, 0.139865, -0.00755486, 0.0584956
0.012, 0.112647, -0.0245462, 0.0652746
0.008, 0.0801441, -0.0274123, 0.0619795
0.004, 0.12768, -0.0282899, 0.0701127
0.006, 0.10075, -0.045626, 0.0771629
0.013, 0.0682604, -0.0489302, 0.0741562
0.008, 0.0401494, -0.0371919, 0.0620123
0.005, 0.0781535, -0.0589226, 0.0822617
0.007, 0.0456864, -0.062664, 0.0795443
0.009, 0.0173177, -0.051326, 0.0676211
0.005, 0.00172382, -0.0283762, 0.0501386
