 0.752243  0.447516  0.483591 -0.370707
-0.345434  0.892861  -0.28892  0.169671
-0.561076 0.0502893  0.826235 0.0959578
        0         0         0         1
 0.850493  0.430684  0.301949 -0.220847
 -0.39023  0.901569 -0.186798 0.0534073
-0.352679 0.0410406  0.934844 0.0417459
        0         0         0         1
           1  4.82947e-05  2.35438e-05 -3.25814e-05
-4.84288e-05            1 -7.51764e-05  2.94149e-05
-2.35736e-05  7.52062e-05            1 -6.21676e-05
           0            0            0            1
