  0.75228  0.447419  0.483623 -0.370731
-0.345449  0.892918 -0.288725  0.169629
-0.561016 0.0501351  0.826285 0.0960398
        0         0         0         1
 0.850523  0.430584  0.302006 -0.220849
-0.390232  0.901629 -0.186505  0.053369
-0.352604 0.0407747  0.934884 0.0418744
        0         0         0         1
           1    -2.94e-05 -5.07832e-05 -3.33413e-05
 2.92324e-05            1  1.01477e-05 -1.23084e-05
 5.07534e-05 -1.01179e-05            1  3.85046e-05
           0            0            0            1
