 0.752226  0.447589  0.483549   -0.3707
 -0.34553  0.892826 -0.288912  0.169675
-0.561039 0.0502462  0.826263  0.095997
        0         0         0         1
  0.85042  0.430669  0.302176 -0.220807
-0.390337  0.901596 -0.186442 0.0533657
-0.352735 0.0406037  0.934842 0.0419689
        0         0         0         1
           1 -6.40601e-05 -8.21352e-05  4.13135e-05
 6.39595e-05            1  7.95126e-05 -2.87592e-05
 8.21054e-05 -7.94679e-05            1  7.86185e-05
           0            0            0            1
