 0.752294  0.447388   0.48363 -0.370669
-0.345307  0.892923 -0.288879   0.16965
-0.561085  0.050321  0.826227 0.0959871
        0         0         0         1
 0.850399  0.430836  0.301997 -0.220902
-0.390415  0.901504 -0.186728 0.0534322
  -0.3527 0.0408895  0.934843 0.0418538
        0         0         0         1
           1  5.62519e-07  6.95884e-05  4.04939e-05
-5.21541e-07            1 -9.17912e-06 -2.02656e-05
-6.95586e-05  9.16421e-06            1  1.64509e-05
           0            0            0            1
