 0.752178  0.447635  0.483582 -0.370772
-0.345622   0.89281 -0.288852  0.169681
-0.561047 0.0501318  0.826265 0.0960494
        0         0         0         1
   0.8505  0.430628  0.302008 -0.220857
-0.390203    0.9016 -0.186706 0.0533902
-0.352691 0.0409495  0.934843 0.0418806
        0         0         0         1
           1  6.78003e-06   6.6936e-05   5.7742e-06
-6.88061e-06            1  9.97782e-05 -2.27988e-05
-6.70254e-05 -9.97186e-05            1  5.60284e-05
           0            0            0            1
