 0.752329  0.447358  0.483604 -0.370737
-0.345329  0.892941 -0.288798  0.169615
-0.561026 0.0502685  0.826271 0.0959455
        0         0         0         1
 0.850494  0.430605   0.30206 -0.220878
-0.390209  0.901616  -0.18662 0.0534225
-0.352701 0.0408525  0.934844 0.0418684
        0         0         0         1
           1 -0.000176296 -0.000153482  6.13928e-06
 0.000176303            1  -0.00019449  3.25143e-05
 0.000153452  0.000194445            1 -7.42674e-05
           0            0            0            1
