 0.752142  0.447635  0.483638 -0.370695
-0.345638  0.892813 -0.288822  0.169727
-0.561085 0.0500715  0.826242 0.0960502
        0         0         0         1
 0.850384  0.430757  0.302151 -0.220866
-0.390349  0.901545 -0.186664 0.0534454
 -0.35281 0.0407913  0.934805 0.0418814
        0         0         0         1
           1  0.000240989  0.000150263 -4.78998e-05
-0.000241131            1  0.000184298  1.17719e-05
-0.000150263 -0.000184298            1  7.46846e-05
           0            0            0            1
