 0.752328  0.447401  0.483566 -0.370717
-0.345298  0.892913 -0.288921    0.1696
-0.561046 0.0503887   0.82625 0.0959354
        0         0         0         1
 0.850504  0.430525  0.302145 -0.220808
-0.390088   0.90165 -0.186704 0.0533676
-0.352809 0.0409291    0.9348 0.0418006
        0         0         0         1
           1   -0.0001081 -3.08454e-05  1.58101e-05
 0.000108078            1 -3.72529e-05 -5.24521e-06
 3.08752e-05   3.7238e-05            1 -1.69873e-05
           0            0            0            1
