 0.752228  0.447562  0.483572 -0.370728
-0.345407  0.892832 -0.289042   0.16965
-0.561113 0.0503958  0.826204 0.0959493
        0         0         0         1
 0.850416  0.430673  0.302182 -0.220824
 -0.39027  0.901586 -0.186634 0.0534137
-0.352821 0.0407833  0.934802 0.0418925
        0         0         0         1
           1  8.77194e-05   8.6695e-05  2.28733e-05
-8.77082e-05            1   6.4522e-06  -2.3514e-05
-8.66652e-05  -6.4671e-06            1  3.08156e-05
           0            0            0            1
