 0.752229  0.447523  0.483607 -0.370704
-0.345514  0.892865 -0.288812  0.169658
-0.561045 0.0501599  0.826264 0.0959945
        0         0         0         1
 0.850451  0.430661    0.3021 -0.220856
-0.390227  0.901586 -0.186722 0.0533874
-0.352783 0.0409102  0.934811 0.0418297
        0         0         0         1
           1 -6.79009e-05  5.67734e-05  1.70767e-05
 6.80387e-05            1  9.73046e-05  1.74046e-05
-5.67734e-05 -9.72897e-05            1  3.27826e-06
           0            0            0            1
