 0.752394   0.44739  0.483472 -0.370703
-0.345408  0.892926  -0.28875  0.169649
-0.560889 0.0502592  0.826364 0.0959707
        0         0         0         1
 0.850515   0.43067  0.301907 -0.220884
-0.390274  0.901581 -0.186649 0.0534306
-0.352578 0.0409213  0.934887 0.0418483
        0         0         0         1
           1 -0.000136662 -0.000144482  3.38256e-05
 0.000136595            1  0.000162169  1.59144e-05
 0.000144452 -0.000162184            1    4.071e-05
           0            0            0            1
