 0.752168  0.447621  0.483609   -0.3707
-0.345664  0.892822 -0.288765  0.169705
-0.561035 0.0500335  0.826279 0.0960662
        0         0         0         1
  0.85033  0.430873  0.302139 -0.220925
-0.390456   0.90149 -0.186706  0.053465
-0.352822 0.0407902  0.934801 0.0419025
        0         0         0         1
           1  8.45939e-05 -7.80821e-06 -3.90783e-05
-8.46572e-05            1  -0.00018993 -1.26958e-05
 7.80821e-06  0.000189945            1 -6.31809e-05
           0            0            0            1
