 0.752219  0.447563  0.483584 -0.370716
-0.345578  0.892847 -0.288791  0.169643
-0.561019 0.0501176  0.826285 0.0960259
        0         0         0         1
 0.850491  0.430619  0.302046 -0.220824
-0.390209  0.901607 -0.186657 0.0533745
-0.352705 0.0408894  0.934841 0.0418585
        0         0         0         1
           1 -5.14835e-06  6.91414e-06  5.38379e-05
 5.02914e-06            1 -9.96739e-05  1.46031e-06
-6.85453e-06   9.9659e-05            1 -3.24249e-05
           0            0            0            1
