 0.752178  0.447511  0.483696 -0.370694
-0.345548  0.892877 -0.288733   0.16971
-0.561092 0.0500387  0.826239 0.0960726
        0         0         0         1
 0.850456  0.430708  0.302018 -0.220848
-0.390291  0.901564 -0.186696  0.053406
  -0.3527  0.040902  0.934842 0.0418667
        0         0         0         1
           1  6.70813e-05  0.000179857 -2.49594e-05
-6.72415e-05            1  9.03606e-05  3.54648e-06
-0.000179917 -9.03308e-05            1  1.03712e-05
           0            0            0            1
