  0.75219  0.447484  0.483703 -0.370682
-0.345446  0.892884 -0.288835  0.169653
 -0.56114 0.0501654    0.8262 0.0960546
        0         0         0         1
 0.850445  0.430686  0.302082 -0.220877
-0.390229  0.901571 -0.186789 0.0534018
-0.352796  0.040973  0.934803 0.0418296
        0         0         0         1
           1 -9.88059e-05  1.60038e-05  2.58982e-05
 9.89102e-05            1 -6.23912e-05 -2.11596e-06
-1.59144e-05  6.23912e-05            1 -7.03335e-06
           0            0            0            1
