 0.752298  0.447423  0.483592 -0.370709
-0.345429  0.892913 -0.288764  0.169655
-0.561005 0.0501896   0.82629 0.0959976
        0         0         0         1
 0.850375  0.430808  0.302104 -0.220901
 -0.39035  0.901515  -0.18681 0.0534261
 -0.35283 0.0409319  0.934792 0.0418454
        0         0         0         1
           1 -1.39847e-05 -6.41942e-05  3.34978e-05
 1.42679e-05            1  1.78218e-05  4.29153e-06
 6.42836e-05 -1.78963e-05            1  9.23872e-06
           0            0            0            1
