 0.752229  0.447424  0.483697 -0.370708
-0.345381  0.892912 -0.288827  0.169659
-0.561127  0.050204  0.826206 0.0960052
        0         0         0         1
   0.8505   0.43062  0.302023 -0.220843
-0.390191  0.901604 -0.186713 0.0534176
-0.352707 0.0409526  0.934838 0.0418214
        0         0         0         1
           1 -4.78327e-05  7.77841e-06  3.46899e-05
 4.78439e-05            1 -0.000210345  2.02954e-05
-7.77841e-06   0.00021036            1 -8.46982e-05
           0            0            0            1
