 0.752152  0.447508   0.48374 -0.370741
-0.345464  0.892873 -0.288847  0.169653
 -0.56118 0.0501424  0.826174 0.0960304
        0         0         0         1
 0.850412  0.430723  0.302121 -0.220939
-0.390289  0.901558 -0.186732 0.0534134
-0.352809 0.0408844  0.934802 0.0418473
        0         0         0         1
           1  4.96097e-05  2.66135e-05  -8.0213e-05
 -4.9524e-05            1  -5.2616e-05 -6.88434e-06
-2.66135e-05  5.26011e-05            1 -3.12328e-05
           0            0            0            1
