  0.75214   0.44766  0.483617 -0.370764
-0.345707  0.892804 -0.288768  0.169726
-0.561046 0.0500042  0.826273 0.0960142
        0         0         0         1
 0.850424   0.43064  0.302204  -0.22085
-0.390316  0.901611 -0.186415 0.0534241
-0.352749 0.0405765  0.934838 0.0419694
        0         0         0         1
           1  6.24359e-05   5.8651e-05 -6.44475e-05
-6.24172e-05            1  0.000150964 -2.38419e-06
 -5.8651e-05 -0.000150979            1  4.05312e-05
           0            0            0            1
