 0.752124  0.447642  0.483659 -0.370746
-0.345578  0.892805 -0.288923  0.169665
-0.561147 0.0501639  0.826195 0.0960332
        0         0         0         1
 0.850513  0.430521  0.302123 -0.220773
-0.390103  0.901653 -0.186658 0.0533809
 -0.35277  0.040896  0.934816 0.0418453
        0         0         0         1
           1 -3.70666e-06   6.7085e-05  5.21541e-06
 3.75509e-06            1 -2.63602e-05 -1.49012e-07
-6.70552e-05  2.64347e-05            1  1.49608e-05
           0            0            0            1
