   0.972432   0.0140828    0.232762   -0.192006
-0.00999796    0.999775  -0.0187196   0.0424269
  -0.232974   0.0158764    0.972354    -0.01648
          0           0           0           1
           1 -0.000587963  0.000213975  3.33902e-05
 0.000587985            1 -0.000276292  1.67191e-05
-0.000213817  0.000276417            1 -0.000139713
           0            0            0            1
 0.850111  -0.39093 -0.352824   0.22349
 0.431172  0.901376 0.0401588  0.045394
 0.302328 -0.186267  0.934827 0.0374198
        0         0         0         1
