  0.972429  0.0141505   0.232771  -0.191995
-0.0100573   0.999774  -0.018762  0.0424279
 -0.232984  0.0159037   0.972351 -0.0165045
         0          0          0          1
           1 -0.000553905  0.000237159  1.42693e-05
 0.000553889            1 -9.16477e-05  3.35276e-05
-0.000237107  9.17809e-05            1 -7.36713e-05
           0            0            0            1
 0.850309 -0.390655 -0.352652  0.223373
 0.430903  0.901496 0.0403413 0.0453751
 0.302155 -0.186261  0.934885 0.0374099
        0         0         0         1
