  0.972258   0.014479   0.233461  -0.192004
-0.0102694   0.999762  -0.019237  0.0425249
 -0.233684  0.0163058   0.972176 -0.0164234
         0          0          0          1

           1 -0.000688315 -2.16719e-05 -0.000172235
 0.000688307            1 -0.000149508  4.82798e-05
 2.17687e-05  0.000149492            1 -6.19292e-05
           0            0            0            1

  0.85039 -0.390458 -0.352674  0.223169
 0.430723  0.901579 0.0404154 0.0453581
 0.302183 -0.186273  0.934873 0.0375493
        0         0         0         1

