 0.752127  0.447666  0.483632 -0.370674
-0.345742  0.892805 -0.288724  0.169689
-0.561041 0.0499449   0.82628 0.0960445
        0         0         0         1
 0.850472  0.430768  0.301887 -0.220857
-0.390342  0.901532 -0.186745 0.0534252
-0.352604 0.0409819  0.934875 0.0418049
        0         0         0         1
           1  0.000132352  1.33812e-05 -7.91997e-06
-0.000132393            1  7.21365e-05  -3.8445e-06
 -1.3262e-05 -7.21514e-05            1  3.92795e-05
           0            0            0            1
