  0.75228  0.447482  0.483565 -0.370714
-0.345459  0.892881 -0.288828  0.169615
-0.561011 0.0502274  0.826283 0.0959632
        0         0         0         1
 0.850602   0.43047  0.301947  -0.22081
-0.390049  0.901672 -0.186679 0.0533794
-0.352617 0.0410154  0.934868 0.0418167
        0         0         0         1
           1 -0.000107791 -0.000101894  1.63764e-05
 0.000107747            1  0.000189692  2.08318e-05
 0.000101864 -0.000189722            1  6.84261e-05
           0            0            0            1
