 0.752177  0.447657  0.483562 -0.370738
-0.345613  0.892796 -0.288906  0.169658
-0.561053 0.0501832  0.826257 0.0960376
        0         0         0         1
 0.850456  0.430639  0.302118 -0.220871
-0.390202  0.901597 -0.186725  0.053359
-0.352799 0.0409142  0.934804 0.0418434
        0         0         0         1
           1 -2.60249e-05  5.65946e-05 -6.95139e-06
 2.59988e-05            1 -7.99596e-05 -1.35303e-05
-5.65946e-05  8.00192e-05            1 -1.52588e-05
           0            0            0            1
