 0.752157  0.447537  0.483705 -0.370694
-0.345564  0.892864 -0.288753  0.169594
 -0.56111 0.0500367  0.826228 0.0960822
        0         0         0         1
 0.850565  0.430479  0.302039 -0.220791
-0.390055   0.90167 -0.186677 0.0533259
  -0.3527 0.0409689  0.934839 0.0418231
        0         0         0         1
           1  6.20224e-05  1.17421e-05 -1.97366e-05
-6.18994e-05            1 -5.57452e-05 -7.80821e-06
-1.17123e-05  5.56856e-05            1 -9.77516e-06
           0            0            0            1
