 0.752228  0.447466  0.483661 -0.370729
-0.345446  0.892893 -0.288808  0.169607
-0.561089 0.0501711  0.826234 0.0959668
        0         0         0         1
 0.850613  0.430443  0.301954 -0.220794
-0.390052  0.901689 -0.186593 0.0533503
-0.352586 0.0409405  0.934883 0.0418084
        0         0         0         1
           1  5.77718e-05  8.16584e-05 -2.57939e-05
 -5.7973e-05            1 -0.000125334 -8.76188e-06
-8.17478e-05  0.000125453            1 -6.21676e-05
           0            0            0            1
