 0.752117  0.447732  0.483587 -0.370735
-0.345636  0.892756 -0.289002  0.169692
-0.561121 0.0502182  0.826209 0.0959744
        0         0         0         1
 0.850459  0.430694   0.30203  -0.22086
-0.390289  0.901572 -0.186663 0.0534389
-0.352696 0.0408699  0.934845  0.041876
        0         0         0         1
           1 -0.000144359  1.19209e-06  5.09769e-05
 0.000144545            1 -0.000139222  9.92417e-06
-1.16229e-06  0.000139177            1 -4.02927e-05
           0            0            0            1
