 0.752191  0.447589  0.483605 -0.370716
-0.345519  0.892828 -0.288922  0.169653
-0.561093 0.0502298  0.826227 0.0960039
        0         0         0         1
 0.850501  0.430637  0.301991 -0.220849
-0.390262  0.901601 -0.186578 0.0533978
-0.352623  0.040829  0.934874 0.0418745
        0         0         0         1
           1   0.00018445  8.11219e-05 -3.84822e-05
-0.000184651            1 -6.03944e-05 -2.64347e-05
-8.11517e-05  6.04093e-05            1 -1.66893e-05
           0            0            0            1
