 0.752335  0.447481   0.48348 -0.370732
-0.345521  0.892884 -0.288743  0.169616
-0.560899 0.0501784  0.826362 0.0959878
        0         0         0         1
 0.850487  0.430597  0.302089  -0.22082
-0.390199   0.90162 -0.186618  0.053388
-0.352727 0.0408414  0.934834 0.0418395
        0         0         0         1
           1  -0.00022874 -9.67979e-05  4.91142e-05
 0.000228897            1  0.000163347 -1.78218e-05
 9.67681e-05 -0.000163421            1   7.6592e-05
           0            0            0            1
