  0.75206  0.447859  0.483557   -0.3708
-0.345823    0.8927  -0.28895   0.16974
-0.561081 0.0500826  0.826244 0.0960032
        0         0         0         1
  0.85037  0.430935  0.301936 -0.220936
-0.390433  0.901446 -0.186966 0.0534405
 -0.35275 0.0411047  0.934814 0.0417675
        0         0         0         1
           1  2.56076e-05  1.03712e-05  6.06477e-06
-2.56971e-05            1 -1.43945e-05 -2.68221e-06
-1.04308e-05  1.44839e-05            1 -2.32458e-06
           0            0            0            1
