 0.752154  0.447711  0.483549 -0.370768
-0.345669   0.89277 -0.288919    0.1697
-0.561051 0.0501638   0.82626 0.0959898
        0         0         0         1
 0.850384  0.430917  0.301923 -0.220972
-0.390437  0.901457 -0.186907 0.0534472
-0.352711 0.0410608  0.934831 0.0417788
        0         0         0         1
           1  0.000141092  0.000124186 -7.55936e-05
 -0.00014098            1 -0.000101388  3.63588e-06
-0.000124067  0.000101358            1 -8.24332e-05
           0            0            0            1
