 0.752246  0.447611  0.483498 -0.370734
 -0.34566  0.892824 -0.288764  0.169661
-0.560932 0.0500957  0.826344 0.0960394
        0         0         0         1
  0.85052  0.430659  0.301907 -0.220899
 -0.39029  0.901589 -0.186575 0.0534186
-0.352546 0.0408545  0.934902 0.0418847
        0         0         0         1
           1 -2.62931e-05 -0.000151873 -1.73226e-05
 2.61255e-05            1  0.000222385   3.8147e-06
 0.000151813 -0.000222325            1  0.000116467
           0            0            0            1
