 0.752186  0.447618  0.483586 -0.370739
-0.345509   0.89281 -0.288989  0.169678
-0.561107 0.0502901  0.826214 0.0959753
        0         0         0         1
 0.850453  0.430723  0.302005 -0.220878
-0.390267  0.901552 -0.186802 0.0534203
-0.352733 0.0410038  0.934825 0.0418074
        0         0         0         1
           1 -0.000138253 -2.01166e-05  4.91217e-05
 0.000138041            1  4.39286e-05 -4.38094e-06
 2.00868e-05 -4.39435e-05            1  1.54376e-05
           0            0            0            1
