  0.75216  0.447812  0.483446 -0.370724
-0.345733  0.892715 -0.289012  0.169755
-0.561003 0.0502402  0.826288 0.0959906
        0         0         0         1
 0.850364  0.430868  0.302051 -0.220896
-0.390369  0.901481 -0.186933 0.0534804
-0.352837 0.0410499  0.934784 0.0417725
        0         0         0         1
           1  0.000138521 -1.58846e-05 -3.94955e-05
-0.000138361            1    -0.000184  2.95639e-05
 1.58846e-05  0.000183925            1 -6.49095e-05
           0            0            0            1
