 0.752278  0.447481  0.483568 -0.370711
-0.345268  0.892865 -0.289106  0.169619
 -0.56113 0.0505269  0.826184 0.0959406
        0         0         0         1
 0.850492  0.430616  0.302051 -0.220847
-0.390079  0.901594 -0.186994 0.0533901
-0.352849 0.0412131  0.934772 0.0417582
        0         0         0         1
           1 -7.01845e-06 -2.67327e-05  3.56138e-06
 7.13393e-06            1 -0.000149146  2.98619e-05
 2.67029e-05  0.000149101            1 -4.34518e-05
           0            0            0            1
