 0.752166   0.44765  0.483587 -0.370701
-0.345573  0.892797  -0.28895  0.169656
-0.561093 0.0502234  0.826227 0.0960164
        0         0         0         1
  0.85042  0.430749  0.302063 -0.220842
-0.390239  0.901535 -0.186942 0.0534119
-0.352846 0.0411026  0.934778 0.0417825
        0         0         0         1
           1  4.84437e-05  3.85344e-05 -6.03497e-07
-4.87268e-05            1 -0.000164926 -9.50694e-06
-3.85642e-05  0.000164956            1 -2.90275e-05
           0            0            0            1
