 0.752146  0.447601  0.483662 -0.370672
-0.345635  0.892833 -0.288765  0.169639
-0.561081 0.0500229  0.826248 0.0960226
        0         0         0         1
 0.850452  0.430688  0.302059 -0.220863
-0.390285  0.901576 -0.186651 0.0534343
-0.352718 0.0408486  0.934838 0.0418761
        0         0         0         1
           1  -1.3791e-05  5.44786e-05 -7.78586e-06
 1.39475e-05            1  9.92268e-05 -1.69873e-06
-5.44488e-05 -9.92566e-05            1   1.5676e-05
           0            0            0            1
