 0.752207  0.447677  0.483497  -0.37073
-0.345718  0.892792 -0.288794  0.169683
-0.560949 0.0500795  0.826334  0.096003
        0         0         0         1
 0.850418  0.430788  0.302012 -0.220883
-0.390357  0.901525 -0.186747 0.0534541
 -0.35272 0.0409202  0.934834 0.0418198
        0         0         0         1
           1  6.06738e-05 -4.05014e-05  1.41561e-07
-6.04168e-05            1  0.000271603  7.45058e-07
 4.05908e-05 -0.000271663            1  5.51939e-05
           0            0            0            1
