  0.972427  0.0143091   0.232769  -0.192067
-0.0102954   0.999777 -0.0184495  0.0424357
 -0.232981  0.0155443   0.972357 -0.0163332
         0          0          0          1
           1 -0.000552284  4.81047e-05 -4.28082e-06
 0.000552305            1  4.00017e-05  2.98023e-07
 -4.8127e-05 -3.99747e-05            1  1.61529e-05
           0            0            0            1
 0.850323  -0.39065 -0.352622  0.223369
 0.430991   0.90144 0.0406501 0.0453736
 0.301988 -0.186543  0.934882 0.0375241
        0         0         0         1
