 0.752139  0.447608  0.483667 -0.370688
-0.345517  0.892819 -0.288952  0.169653
-0.561164 0.0502165  0.826179 0.0959765
        0         0         0         1
 0.850499  0.430623  0.302019 -0.220849
-0.390217  0.901605 -0.186654 0.0534003
-0.352679 0.0408964   0.93485 0.0418344
        0         0         0         1
           1  -0.00024429  0.000103831  7.64355e-05
 0.000243966            1 -0.000164002  9.47714e-06
-0.000103831  0.000164136            1 -9.32813e-05
           0            0            0            1
