  0.75233  0.447415  0.483548 -0.370667
-0.345448  0.892918 -0.288728  0.169563
 -0.56095 0.0501784  0.826328 0.0960008
        0         0         0         1
 0.850591  0.430442  0.302018 -0.220749
-0.389992  0.901684 -0.186742 0.0533454
-0.352706 0.0410567  0.934833 0.0417627
        0         0         0         1
           1 -0.000219166  2.95937e-05  7.19652e-05
 0.000219576            1 -9.83328e-05 -1.77324e-05
-2.95341e-05  9.82881e-05            1 -1.44243e-05
           0            0            0            1
