  0.972288  0.0148479   0.233315  -0.192171
-0.0106809    0.99976  -0.019114  0.0425182
 -0.233543  0.0160923   0.972213 -0.0163304
         0          0          0          1
           1 -0.000678437  1.69482e-05 -0.000190211
 0.000678296            1 -2.44267e-05  2.25008e-05
-1.69314e-05  2.44379e-05            1 -2.02656e-06
           0            0            0            1
 0.850707 -0.390329 -0.352052   0.22311
 0.430565  0.901639 0.0407563 0.0452691
 0.301516 -0.186253  0.935093 0.0375539
        0         0         0         1
