r, offset_x, offset_y, offset_z
0.001, -0.0137062, -0.0479111, 0.242941
0.003, 0.00834978, -0.0564804, 0.242734
0.004, 0.0274348, -0.0628201, 0.230263
0.005, 0.0379529, -0.0650713, 0.209186
0.002, 0.0285501, -0.064069, 0.239575
0.004, 0.0474934, -0.0703314, 0.226852
0.005, 0.0577651, -0.0724751, 0.205642
0.005, 0.0563533, -0.0698714, 0.182165
0.006, 0.0633646, -0.0752758, 0.212735
0.007, 0.0733881, -0.0773116, 0.191396
0.007, 0.0716975, -0.074602, 0.16795
0.006, 0.0587886, -0.0679417, 0.14927
0.007, 0.0800647, -0.078096, 0.17065
0.007, 0.0780957, -0.075281, 0.147237
0.006, 0.0649612, -0.0685489, 0.128741
0.003, 0.0445125, -0.0598737, 0.120585
0.001, 0.0529229, -0.0731172, 0.23453
0.002, 0.0721501, -0.0795351, 0.222321
0.008, 0.0829195, -0.0818963, 0.201383
0.008, 0.0820732, -0.0795084, 0.177856
0.002, 0.0883422, -0.0846419, 0.208633
0.009, 0.0988668, -0.0868959, 0.187559
0.009, 0.0977414, -0.0844014, 0.164055
0.008, 0.0852958, -0.0778897, 0.145012
0.011, 0.106034, -0.0878866, 0.166986
0.01, 0.10463, -0.0852857, 0.143508
0.009, 0.0919544, -0.0787001, 0.124643
0.006, 0.0717249, -0.0700607, 0.115921
0.009, 0.100575, -0.0818565, 0.122356
0.009, 0.0876721, -0.075198, 0.103671
0.006, 0.0673327, -0.0665402, 0.0952276
0.004, 0.0455206, -0.0584216, 0.099501
0.001, 0.10729, -0.0904833, 0.191077
0.002, 0.118309, -0.0929541, 0.170282
0.011, 0.117749, -0.0906762, 0.146736
0.01, 0.105775, -0.0843174, 0.127342
0.003, 0.125962, -0.0941503, 0.149896
0.01, 0.125123, -0.0917653, 0.126368
0.011, 0.112916, -0.0853305, 0.107146
0.009, 0.0929186, -0.0767327, 0.0978643
0.012, 0.121581, -0.088525, 0.105094
0.011, 0.109142, -0.0820153, 0.0860464
0.008, 0.0890284, -0.0733962, 0.0770405
0.006, 0.0671386, -0.0651951, 0.0807172
0.009, 0.0954904, -0.0753318, 0.070407
0.007, 0.0752638, -0.066693, 0.0616779
0.006, 0.0534106, -0.0585319, 0.0656494
0.004, 0.0363382, -0.0532416, 0.0811571
0.001, 0.134184, -0.0951506, 0.124741
0.003, 0.133911, -0.0929829, 0.101179
0.011, 0.122179, -0.0867032, 0.0816122
0.01, 0.102427, -0.0781527, 0.0717775
0.002, 0.130884, -0.0899337, 0.0797979
0.004, 0.118916, -0.083577, 0.0603993
0.009, 0.0990419, -0.0750024, 0.0508369
0.007, 0.0770887, -0.0667243, 0.0539146
0.004, 0.105656, -0.0770124, 0.0443776
0.006, 0.085662, -0.0684152, 0.0350891
0.006, 0.0637382, -0.0601744, 0.0384627
0.004, 0.0463129, -0.0547063, 0.0535092
0.006, 0.0662335, -0.0603477, 0.0293385
0.004, 0.0443427, -0.0521456, 0.0330075
0.004, 0.0270902, -0.0467647, 0.0482829
0.001, 0.0195345, -0.0457829, 0.0706858
0.001, -0.0151758, -0.0537253, 0.242432
0.003, 0.00830144, -0.0566717, 0.242717
0.007, 0.0286163, -0.0581459, 0.230672
0.006, 0.0398121, -0.0577156, 0.20983
0.002, 0.0298035, -0.0591104, 0.240008
0.009, 0.0499674, -0.0605434, 0.227708
0.017, 0.0609009, -0.0600685, 0.206728
0.01, 0.0593982, -0.0578247, 0.183219
0.015, 0.0668613, -0.0614416, 0.213945
0.023, 0.0775307, -0.060922, 0.19283
0.022, 0.0757312, -0.0586435, 0.169346
0.008, 0.0619905, -0.0552741, 0.150378
0.025, 0.0846376, -0.0600043, 0.172233
0.025, 0.0825417, -0.0576913, 0.148776
0.02, 0.0685608, -0.0543077, 0.129987
0.008, 0.0467944, -0.0508456, 0.121375
0.001, 0.0557467, -0.061945, 0.235507
0.003, 0.076213, -0.0634611, 0.223727
0.012, 0.0876762, -0.0630768, 0.20303
0.026, 0.0867754, -0.0609047, 0.179484
0.003, 0.0934485, -0.06444, 0.2104
0.009, 0.104651, -0.0640109, 0.189562
0.024, 0.103453, -0.0618032, 0.166032
0.027, 0.0902058, -0.0584644, 0.146711
0.016, 0.11228, -0.0631743, 0.169148
0.027, 0.110785, -0.0609315, 0.145639
0.03, 0.0972934, -0.0575773, 0.126491
0.022, 0.0757604, -0.0540952, 0.117318
0.033, 0.10647, -0.0585359, 0.124396
0.028, 0.0927352, -0.0551669, 0.105424
0.021, 0.0710851, -0.0516944, 0.0965264
0.009, 0.0478675, -0.0491366, 0.100313
0.003, 0.113617, -0.0654508, 0.193267
0.004, 0.125346, -0.0651125, 0.172718
0.013, 0.12475, -0.0629772, 0.149159
0.029, 0.112005, -0.0596711, 0.129498
0.005, 0.133493, -0.0643576, 0.152502
0.011, 0.1326, -0.0621864, 0.128956
0.024, 0.119605, -0.0588638, 0.109461
0.03, 0.0983197, -0.0553641, 0.0997338
0.015, 0.128829, -0.0598491, 0.107603
0.025, 0.115588, -0.0565107, 0.0882777
0.029, 0.0941789, -0.0530193, 0.0788232
0.021, 0.0708785, -0.0503988, 0.0820118
0.03, 0.101057, -0.0533075, 0.0723339
0.024, 0.0795273, -0.0498252, 0.0631536
0.016, 0.0562658, -0.0472354, 0.0666377
0.009, 0.0380934, -0.0462975, 0.0817647
0.004, 0.142244, -0.0632619, 0.127531
0.005, 0.141953, -0.0611638, 0.103963
0.012, 0.129465, -0.057875, 0.0841343
0.025, 0.108441, -0.0543598, 0.0738591
0.005, 0.138731, -0.0588863, 0.0825142
0.006, 0.125992, -0.0555806, 0.0628486
0.014, 0.104838, -0.0520727, 0.052843
0.024, 0.0814698, -0.0493913, 0.055431
0.005, 0.111878, -0.0523966, 0.0465312
0.007, 0.0905955, -0.0488966, 0.0367967
0.015, 0.067259, -0.046245, 0.0396813
0.013, 0.0487108, -0.0452193, 0.0543392
0.006, 0.0699151, -0.0457821, 0.0306128
0.008, 0.0466137, -0.0431608, 0.0337936
0.008, 0.0282494, -0.0421783, 0.0486842
0.003, 0.0202068, -0.0431228, 0.0709185
0.001, -0.0151758, -0.059721, 0.241908
0.003, 0.00830144, -0.0568689, 0.2427
0.007, 0.0286163, -0.0533257, 0.231094
0.006, 0.0398122, -0.0501302, 0.210493
0.002, 0.0298035, -0.053997, 0.240456
0.009, 0.0499675, -0.0504499, 0.228591
0.017, 0.060901, -0.0472746, 0.207847
0.01, 0.0593982, -0.045402, 0.184306
0.015, 0.0668613, -0.0471756, 0.215193
0.023, 0.0775307, -0.0440209, 0.194309
0.022, 0.0757313, -0.0421868, 0.170786
0.008, 0.0619905, -0.0422111, 0.151521
0.025, 0.0846376, -0.0413479, 0.173865
0.025, 0.0825417, -0.0395526, 0.150363
0.02, 0.0685609, -0.039622, 0.131272
0.008, 0.0467944, -0.0415358, 0.122189
0.001, 0.0557468, -0.0504241, 0.236515
0.003, 0.076213, -0.0468854, 0.225177
0.012, 0.0876763, -0.0436699, 0.204727
0.026, 0.0867755, -0.0417203, 0.181162
0.003, 0.0934485, -0.0436074, 0.212223
0.009, 0.104651, -0.0404115, 0.191626
0.024, 0.103453, -0.0384997, 0.168071
0.027, 0.0902058, -0.0384327, 0.148464
0.016, 0.11228, -0.0376906, 0.171378
0.027, 0.110786, -0.035817, 0.147836
0.03, 0.0972935, -0.0357951, 0.128396
0.022, 0.0757604, -0.0376313, 0.118758
0.033, 0.10647, -0.0344874, 0.1265
0.028, 0.0927352, -0.0345106, 0.107231
0.021, 0.0710852, -0.0363852, 0.0978658
0.009, 0.0478675, -0.0395617, 0.101151
0.003, 0.113617, -0.0396369, 0.195526
0.004, 0.125346, -0.0364018, 0.17523
0.013, 0.12475, -0.0344137, 0.151658
0.029, 0.112005, -0.0342554, 0.131722
0.005, 0.133493, -0.0336349, 0.15519
0.011, 0.1326, -0.0316843, 0.131625
0.024, 0.119605, -0.0315711, 0.111849
0.03, 0.0983198, -0.0333284, 0.101662
0.015, 0.128829, -0.0302782, 0.11019
0.025, 0.115588, -0.03021, 0.0905788
0.029, 0.0941789, -0.0320064, 0.0806616
0.021, 0.0708785, -0.0351407, 0.0833467
0.03, 0.101057, -0.0305958, 0.0743209
0.024, 0.0795274, -0.032431, 0.0646754
0.016, 0.0562659, -0.0355863, 0.0676569
0.009, 0.0380934, -0.0391367, 0.0823912
0.004, 0.142244, -0.0303778, 0.130408
0.005, 0.141953, -0.0283515, 0.106834
0.012, 0.129465, -0.028147, 0.0867352
0.025, 0.108441, -0.0298244, 0.0760057
0.005, 0.138731, -0.0268698, 0.0853153
0.006, 0.125992, -0.0267103, 0.0653744
0.014, 0.104838, -0.0284273, 0.0549117
0.024, 0.0814698, -0.0315173, 0.0569948
0.005, 0.111878, -0.0270124, 0.048752
0.007, 0.0905955, -0.0287687, 0.0385577
0.015, 0.0672591, -0.0318808, 0.040938
0.013, 0.0487109, -0.0354361, 0.0551952
0.006, 0.0699151, -0.0307619, 0.0319269
0.008, 0.0466137, -0.0338956, 0.0346042
0.008, 0.0282494, -0.0374488, 0.0490979
0.003, 0.0202068, -0.0403796, 0.0711585
0.001, -0.0137062, -0.0655352, 0.241399
0.003, 0.00834978, -0.0570602, 0.242683
0.004, 0.0274348, -0.0486514, 0.231503
0.005, 0.037953, -0.0427745, 0.211137
0.002, 0.0285502, -0.0490384, 0.24089
0.004, 0.0474935, -0.0406619, 0.229447
0.005, 0.0577652, -0.0348679, 0.208932
0.005, 0.0563534, -0.0333553, 0.18536
0.006, 0.0633647, -0.0333414, 0.216404
0.007, 0.0733882, -0.0276313, 0.195743
0.007, 0.0716977, -0.0262282, 0.172182
0.006, 0.0587887, -0.0295435, 0.152629
0.007, 0.0800649, -0.0232562, 0.175448
0.007, 0.0780959, -0.0219628, 0.151902
0.006, 0.0649613, -0.0253808, 0.132518
0.003, 0.0445125, -0.0325078, 0.122979
0.001, 0.052923, -0.0392519, 0.237493
0.002, 0.0721503, -0.0308115, 0.226584
0.008, 0.0829196, -0.0248504, 0.206374
0.008, 0.0820733, -0.0231166, 0.18279
0.002, 0.0883424, -0.0234055, 0.21399
0.009, 0.098867, -0.0175263, 0.193628
0.009, 0.0977415, -0.0159015, 0.170048
0.008, 0.085296, -0.0190074, 0.150163
0.011, 0.106034, -0.0129783, 0.17354
0.01, 0.10463, -0.0114627, 0.149967
0.009, 0.0919546, -0.0146722, 0.130244
0.006, 0.0717251, -0.0216657, 0.120155
0.009, 0.100575, -0.0111668, 0.12854
0.009, 0.0876723, -0.0144794, 0.108983
0.006, 0.0673328, -0.0215394, 0.0991646
0.004, 0.0455207, -0.0302766, 0.101963
0.001, 0.10729, -0.0146044, 0.197716
0.002, 0.118309, -0.00856019, 0.177666
0.011, 0.117749, -0.00671472, 0.154082
0.01, 0.105776, -0.00960909, 0.133878
0.003, 0.125962, -0.00384211, 0.157797
0.01, 0.125123, -0.00210539, 0.134212
0.011, 0.112916, -0.00510439, 0.114164
0.009, 0.0929188, -0.0119598, 0.103531
0.012, 0.121582, -0.00160226, 0.112699
0.011, 0.109142, -0.0047054, 0.0928101
0.008, 0.0890286, -0.0116295, 0.0824444
0.006, 0.0671387, -0.0203444, 0.0846412
0.009, 0.0954906, -0.00857146, 0.0762478
0.007, 0.075264, -0.0155632, 0.0661511
0.006, 0.0534106, -0.0242898, 0.0686452
0.004, 0.0363383, -0.0321926, 0.0829987
0.001, 0.134184, 0.00151095, 0.133198
0.003, 0.133911, 0.00346772, 0.109618
0.011, 0.122179, 0.000681218, 0.0892573
0.01, 0.102428, -0.00603152, 0.0780873
0.002, 0.130884, 0.00417772, 0.0880316
0.004, 0.118916, 0.00128611, 0.0678238
0.009, 0.0990421, -0.00549757, 0.0569178
0.007, 0.0770889, -0.0141843, 0.0585112
0.004, 0.105656, -0.00239649, 0.0509056
0.006, 0.0856621, -0.00925004, 0.0402653
0.006, 0.0637384, -0.0179514, 0.0421567
0.004, 0.046313, -0.0259491, 0.0560252
0.006, 0.0662336, -0.0161963, 0.0332012
0.004, 0.0443428, -0.0249109, 0.0353902
0.004, 0.0270902, -0.0328624, 0.0494992
0.001, 0.0195345, -0.0377195, 0.0713913
