 0.752153  0.447495   0.48375 -0.370706
-0.345595  0.892892  -0.28863  0.169635
-0.561097 0.0499117  0.826244 0.0960937
        0         0         0         1
 0.850399  0.430744  0.302129 -0.220875
-0.390356  0.901553 -0.186612 0.0534136
-0.352767 0.0407572  0.934823 0.0418521
        0         0         0         1
           1 -5.79692e-05  1.60933e-06  2.16961e-05
 5.79022e-05            1 -0.000165939  2.29776e-05
-1.60933e-06   0.00016591            1 -6.81877e-05
           0            0            0            1
