 0.752201  0.447612  0.483566  -0.37073
-0.345601   0.89282 -0.288845  0.169646
-0.561028 0.0501492  0.826276 0.0960109
        0         0         0         1
 0.850538  0.430516  0.302062 -0.220781
-0.390132  0.901658 -0.186571 0.0533738
-0.352678 0.0408417  0.934853 0.0419002
        0         0         0         1
           1 -8.53203e-05  1.99378e-05  3.56734e-05
 8.51601e-05            1  6.03199e-05 -2.57492e-05
-1.99676e-05 -6.02305e-05            1  6.64592e-05
           0            0            0            1
