 0.752076  0.447644  0.483732 -0.370713
-0.345578  0.892806 -0.288916  0.169684
 -0.56121 0.0501198  0.826154 0.0960308
        0         0         0         1
 0.850441  0.430639  0.302159 -0.220853
-0.390289  0.901608 -0.186488 0.0533871
-0.352738 0.0406679  0.934838 0.0419067
        0         0         0         1
           1 -0.000116535   9.0152e-05  5.33685e-05
 0.000116713            1  6.37472e-05  1.17123e-05
-9.01222e-05  -6.3777e-05            1 -1.66893e-05
           0            0            0            1
