 0.752346  0.447389  0.483548 -0.370688
-0.345425   0.89293 -0.288715  0.169606
-0.560943 0.0501844  0.826332 0.0959818
        0         0         0         1
  0.85036  0.430783  0.302182 -0.220897
-0.390406  0.901538  -0.18658 0.0534172
-0.352804 0.0406861  0.934813 0.0418704
        0         0         0         1
           1 -4.50797e-05  3.23355e-05 -1.69873e-06
 4.51729e-05            1 -2.40952e-05  1.50502e-05
-3.23653e-05  2.41101e-05            1 -4.08292e-05
           0            0            0            1
