 0.752272  0.447496  0.483564 -0.370665
-0.345601  0.892886 -0.288642  0.169654
-0.560934 0.0500167  0.826348  0.096021
        0         0         0         1
 0.850494  0.430666  0.301972 -0.220835
-0.390326  0.901591 -0.186491 0.0534315
-0.352571 0.0407414  0.934898  0.041879
        0         0         0         1
           1 -9.07369e-05 -9.59039e-05  7.39321e-05
 9.09828e-05            1  0.000137582  6.22869e-06
 9.59039e-05 -0.000137627            1  5.19753e-05
           0            0            0            1
