 0.752257  0.447437  0.483643 -0.370698
-0.345476  0.892911 -0.288715  0.169618
-0.561031 0.0501007  0.826277 0.0959821
        0         0         0         1
 0.850467   0.43052  0.302256 -0.220788
-0.390137  0.901662 -0.186545 0.0533559
-0.352844  0.040729  0.934796 0.0418726
        0         0         0         1
           1  -7.5832e-05  4.12166e-05  3.53456e-05
 7.61449e-05            1  8.44747e-05 -1.03116e-05
 -4.1157e-05 -8.44747e-05            1  2.70605e-05
           0            0            0            1
