 0.752257  0.447598  0.483493 -0.370747
-0.345556  0.892822 -0.288895  0.169645
-0.560982 0.0502494  0.826302 0.0960258
        0         0         0         1
 0.850451  0.430627  0.302148 -0.220838
 -0.39023  0.901608 -0.186613 0.0533672
 -0.35278 0.0407983  0.934817 0.0419167
        0         0         0         1
           1  7.18944e-05  7.28667e-05 -3.65898e-05
-7.17342e-05            1 -8.06153e-06 -2.26498e-06
-7.28965e-05  8.03173e-06            1  2.17557e-05
           0            0            0            1
