 0.752253   0.44748  0.483609 -0.370709
-0.345434  0.892882 -0.288856  0.169619
-0.561063 0.0502382  0.826248 0.0960037
        0         0         0         1
 0.850475  0.430679  0.302005 -0.220846
-0.390217  0.901572 -0.186813 0.0533792
-0.352736 0.0410327  0.934823 0.0418226
        0         0         0         1
           1  0.000110857 -2.97725e-05 -3.34308e-05
-0.000110723            1  7.06911e-05 -1.35303e-05
 2.98023e-05 -7.06613e-05            1  3.96967e-05
           0            0            0            1
