 0.752256  0.447589  0.483503  -0.37071
-0.345702   0.89284 -0.288663  0.169679
-0.560894 0.0500007  0.826376 0.0960208
        0         0         0         1
 0.850527  0.430625  0.301938 -0.220803
-0.390218  0.901602 -0.186667 0.0533766
-0.352611  0.040944  0.934874 0.0418307
        0         0         0         1
           1  9.41753e-06  4.53293e-05  1.54078e-05
-9.42871e-06            1  0.000124946 -1.84178e-05
-4.53293e-05 -0.000124961            1  4.95911e-05
           0            0            0            1
