 0.752196  0.447585  0.483601 -0.370723
-0.345776  0.892853 -0.288536  0.169681
-0.560929 0.0498181  0.826364 0.0961038
        0         0         0         1
 0.850486  0.430668  0.301991 -0.220854
-0.390347  0.901593 -0.186439 0.0534182
-0.352566 0.0406823  0.934902 0.0419236
        0         0         0         1
           1 -1.85519e-06 -3.44217e-05  -3.1814e-06
 1.79559e-06            1 -4.96656e-05  1.65403e-05
 3.43919e-05  4.96805e-05            1 -8.88109e-06
           0            0            0            1
