  0.75225  0.447597  0.483505  -0.37074
-0.345561  0.892823 -0.288885  0.169621
-0.560988 0.0502335  0.826298 0.0959594
        0         0         0         1
 0.850513  0.430611  0.301997 -0.220825
-0.390206   0.90161 -0.186653 0.0533775
-0.352658   0.04091  0.934857 0.0418191
        0         0         0         1
           1  5.94296e-05  -5.1111e-05 -2.25976e-05
-5.96307e-05            1 -0.000140592            0
 5.10812e-05  0.000140622            1  -6.8903e-05
           0            0            0            1
