 0.752263  0.447542  0.483536 -0.370715
-0.345536  0.892854 -0.288821  0.169651
-0.560986 0.0501901  0.826303 0.0959849
        0         0         0         1
 0.850495  0.430607  0.302054 -0.220833
-0.390267  0.901621 -0.186471 0.0533843
-0.352634 0.0407108  0.934875  0.041905
        0         0         0         1
           1  9.66191e-05 -2.72095e-05 -2.19792e-05
-9.65223e-05            1 -5.68926e-05  2.02358e-05
 2.72095e-05  5.68777e-05            1   -7.689e-06
           0            0            0            1
