 0.752099  0.447686  0.483658 -0.370735
-0.345736  0.892794 -0.288766  0.169683
-0.561083 0.0499629   0.82625 0.0960964
        0         0         0         1
 0.850403  0.430668  0.302225  -0.22085
-0.390318  0.901595 -0.186488 0.0533742
-0.352799 0.0406262  0.934817 0.0419287
        0         0         0         1
           1  1.46739e-05  0.000161737 -1.99601e-05
-1.46069e-05            1 -4.81457e-05 -1.45137e-05
-0.000161737  4.81457e-05            1 -2.49743e-05
           0            0            0            1
