 0.752293  0.447413  0.483608 -0.370691
-0.345518  0.892927 -0.288615  0.169565
-0.560957  0.050028  0.826332 0.0960462
        0         0         0         1
  0.85054  0.430421  0.302193  -0.22077
-0.390077  0.901711 -0.186436  0.053351
-0.352736 0.0406925  0.934837 0.0419198
        0         0         0         1
           1  1.40145e-05 -9.00328e-05 -2.40877e-05
 -1.3981e-05            1 -6.07222e-05 -1.66893e-05
 9.00626e-05  6.07669e-05            1  1.19209e-06
           0            0            0            1
