 0.752241  0.447433   0.48367 -0.370682
-0.345449  0.892911 -0.288746  0.169657
-0.561069 0.0501237   0.82625 0.0960148
        0         0         0         1
 0.850501  0.430626  0.302009 -0.220844
-0.390205  0.901601 -0.186697 0.0534056
-0.352688 0.0409404  0.934845 0.0418002
        0         0         0         1
           1  3.39299e-05 -3.42429e-05 -2.54959e-05
-3.40715e-05            1 -7.69943e-05  9.83477e-06
 3.42429e-05  7.70241e-05            1  1.00732e-05
           0            0            0            1
