  0.75222  0.447519  0.483624 -0.370709
-0.345608  0.892876 -0.288666  0.169642
   -0.561  0.049996  0.826305 0.0960866
        0         0         0         1
 0.850498  0.430548   0.30213 -0.220778
-0.390199  0.901649 -0.186478 0.0533972
-0.352702 0.0407084   0.93485  0.041892
        0         0         0         1
           1 -8.41543e-06  1.47521e-05  2.01613e-05
 8.53091e-06            1  2.72244e-05   8.9407e-08
-1.48118e-05 -2.72095e-05            1  7.09295e-06
           0            0            0            1
