 0.752293   0.44747  0.483555 -0.370718
-0.345527  0.892894 -0.288708  0.169612
-0.560951 0.0501119   0.82633 0.0960073
        0         0         0         1
 0.850468  0.430626    0.3021 -0.220847
-0.390289  0.901613 -0.186462  0.053391
-0.352673 0.0406733  0.934862 0.0419371
        0         0         0         1
           1 -3.33041e-06 -8.92878e-05 -2.48253e-05
 3.23355e-06            1  5.55217e-05 -1.79708e-05
 8.92282e-05 -5.54919e-05            1  2.92659e-05
           0            0            0            1
