 0.752194  0.447503  0.483679 -0.370682
-0.345534   0.89288 -0.288741  0.169638
 -0.56108 0.0500619  0.826246  0.096051
        0         0         0         1
 0.850375  0.430787  0.302134 -0.220866
-0.390403  0.901534 -0.186605 0.0534128
-0.352771 0.0407301  0.934823  0.041922
        0         0         0         1
           1  4.45545e-05  7.32541e-05 -2.84836e-05
-4.44837e-05            1 -0.000159696 -1.72257e-05
-7.32839e-05  0.000159681            1 -4.94123e-05
           0            0            0            1
