 0.752234  0.447485  0.483634 -0.370707
-0.345375  0.892875 -0.288948  0.169607
-0.561124 0.0503217  0.826201 0.0959738
        0         0         0         1
   0.8505  0.430545  0.302128 -0.220816
-0.390071  0.901636 -0.186808 0.0533461
-0.352839 0.0410283  0.934784 0.0418094
        0         0         0         1
           1 -9.89772e-05  7.98404e-05  4.07472e-05
 9.88841e-05            1 -5.73844e-05 -2.08914e-05
-7.99596e-05  5.74142e-05            1 -3.11732e-05
           0            0            0            1
