 0.752225  0.447635  0.483508 -0.370737
-0.345813  0.892824 -0.288579  0.169673
-0.560866  0.049873  0.826403 0.0960889
        0         0         0         1
 0.850456   0.43067  0.302072 -0.220884
-0.390328  0.901592 -0.186483 0.0534188
-0.352658 0.0406885  0.934867 0.0419051
        0         0         0         1
           1  0.000121802  6.99461e-05 -3.60757e-05
-0.000121716            1  0.000133604 -3.96371e-06
-6.99461e-05 -0.000133604            1  4.81009e-05
           0            0            0            1
