 0.752255  0.447389   0.48369 -0.370697
-0.345379  0.892931 -0.288769  0.169644
-0.561094 0.0501709  0.826231  0.096001
        0         0         0         1
 0.850574  0.430501   0.30198 -0.220797
-0.390158  0.901668 -0.186471 0.0533721
-0.352562 0.0407875  0.934899  0.041862
        0         0         0         1
           1  0.000196956  0.000121593 -6.46412e-05
-0.000196923            1 -0.000145882 -4.55976e-06
-0.000121564  0.000145853            1 -7.29561e-05
           0            0            0            1
