 0.752349  0.447534  0.483409 -0.370734
-0.345561  0.892856 -0.288784  0.169635
-0.560856 0.0502191  0.826389 0.0959605
        0         0         0         1
 0.850531    0.4306  0.301962 -0.220823
-0.390266  0.901623 -0.186465 0.0534158
-0.352548 0.0407492  0.934906 0.0419171
        0         0         0         1
           1 -1.37724e-05 -4.00543e-05  4.93377e-05
 1.39363e-05            1  2.85804e-05  6.94394e-06
 4.01437e-05 -2.86549e-05            1  4.38094e-05
           0            0            0            1
