 0.752167  0.447619  0.483613 -0.370695
-0.345701  0.892827 -0.288704  0.169695
-0.561013 0.0499684  0.826298 0.0960652
        0         0         0         1
 0.850394  0.430828  0.302024  -0.22084
-0.390474  0.901516 -0.186546 0.0534436
-0.352648 0.0407049  0.934871 0.0418909
        0         0         0         1
           1  4.40292e-05   1.8239e-05  4.09037e-06
-4.38429e-05            1  0.000198379 -1.49012e-05
-1.81496e-05 -0.000198394            1  9.36985e-05
           0            0            0            1
