 0.752131  0.447646  0.483643 -0.370717
-0.345613  0.892805 -0.288879  0.169689
-0.561115 0.0501216  0.826219 0.0960253
        0         0         0         1
 0.850421  0.430707  0.302117 -0.220831
-0.390338  0.901573 -0.186555 0.0534143
-0.352731 0.0407223  0.934838 0.0418743
        0         0         0         1
           1  7.20061e-05  0.000108272 -2.16588e-05
-7.20173e-05            1 -3.71039e-05  4.41074e-06
-0.000108302  3.71188e-05            1 -7.98702e-06
           0            0            0            1
