 0.752149  0.447657  0.483606 -0.370754
 -0.34562  0.892798 -0.288892  0.169666
-0.561087 0.0501453  0.826236 0.0960274
        0         0         0         1
  0.85055  0.430591  0.301922 -0.220844
-0.390188  0.901618 -0.186651 0.0534018
-0.352588   0.04095  0.934882 0.0418096
        0         0         0         1
           1  5.01052e-05  3.57628e-07 -1.11014e-05
-5.01946e-05            1 -1.37389e-05   3.8445e-06
-3.57628e-07  1.37389e-05            1  2.02656e-06
           0            0            0            1
