 0.752204  0.447668  0.483512 -0.370767
-0.345655  0.892792 -0.288869  0.169692
-0.560993 0.0501596    0.8263 0.0960042
        0         0         0         1
 0.850462   0.43067  0.302057 -0.220881
-0.390307  0.901589 -0.186541 0.0534233
-0.352668 0.0407512  0.934861 0.0418973
        0         0         0         1
           1 -2.39015e-05   5.6237e-05 -2.99364e-05
 2.40356e-05            1 -8.37445e-05  1.75834e-05
-5.63264e-05  8.37594e-05            1 -3.69549e-05
           0            0            0            1
