 0.752329  0.447411  0.483554 -0.370693
-0.345377  0.892914 -0.288824  0.169615
-0.560995  0.050282  0.826291 0.0959624
        0         0         0         1
 0.850438  0.430734  0.302033 -0.220896
-0.390354  0.901556 -0.186602 0.0534197
-0.352675 0.0407934  0.934856 0.0419019
        0         0         0         1
           1 -8.33347e-05 -0.000118643 -4.96209e-06
 8.32528e-05            1 -7.61896e-05 -1.90735e-05
 0.000118583  7.62194e-05            1  -6.3777e-06
           0            0            0            1
