 0.752249  0.447577  0.483525 -0.370739
 -0.34567  0.892845 -0.288687  0.169669
-0.560922 0.0500247  0.826356 0.0960225
        0         0         0         1
 0.850477  0.430614  0.302093 -0.220857
-0.390267  0.901618 -0.186485 0.0534286
-0.352675 0.0407039   0.93486 0.0418899
        0         0         0         1
           1 -0.000125423  2.52128e-05  5.13867e-05
 0.000125244            1  0.000258014 -7.45058e-07
-2.51532e-05 -0.000257954            1  8.32081e-05
           0            0            0            1
