 0.752194  0.447567   0.48362 -0.370733
-0.345529  0.892842 -0.288866  0.169658
-0.561083 0.0501781  0.826237 0.0960176
        0         0         0         1
 0.850438   0.43066  0.302137 -0.220855
-0.390252  0.901591 -0.186649 0.0534339
-0.352786 0.0408241  0.934813 0.0418558
        0         0         0         1
           1  1.96621e-05  1.23978e-05  2.59131e-05
-1.96435e-05            1  -8.8498e-05  1.99974e-05
-1.23978e-05   8.8498e-05            1 -3.94583e-05
           0            0            0            1
