   0.7522  0.447659  0.483525 -0.370745
-0.345701  0.892801 -0.288785  0.169676
-0.560969 0.0500688  0.826321  0.096041
        0         0         0         1
  0.85047  0.430598  0.302136 -0.220815
-0.390242  0.901625 -0.186502 0.0534143
-0.352721 0.0407085  0.934843 0.0419171
        0         0         0         1
           1 -4.99375e-05 -2.41399e-05  1.02073e-05
 5.01983e-05            1   0.00010936  7.00355e-06
 2.41995e-05 -0.000109419            1  6.99759e-05
           0            0            0            1
