 0.752305  0.447588  0.483429 -0.370785
-0.345708  0.892839 -0.288659  0.169634
-0.560824 0.0500339  0.826422 0.0960141
        0         0         0         1
 0.850674  0.430294  0.301994 -0.220766
 -0.39001  0.901771 -0.186281  0.053338
-0.352485 0.0406837  0.934933 0.0419453
        0         0         0         1
           1  -0.00014982   9.0003e-06  2.96384e-05
 0.000149917            1  8.25822e-05 -5.45382e-06
 -8.9407e-06 -8.25375e-05            1  3.48091e-05
           0            0            0            1
