 0.752342  0.447489  0.483461 -0.370725
-0.345525   0.89288 -0.288753  0.169623
-0.560886 0.0501932   0.82637 0.0960135
        0         0         0         1
 0.850602  0.430411  0.302031 -0.220746
-0.390095  0.901715 -0.186379  0.053351
-0.352565 0.0407134  0.934901 0.0419231
        0         0         0         1
           1  0.000182625  5.61178e-05 -1.48118e-05
-0.000182834            1 -3.17097e-05 -2.39015e-05
-5.61178e-05  3.17097e-05            1  2.13385e-05
           0            0            0            1
