 0.752113  0.447707  0.483616 -0.370709
-0.345839  0.892789 -0.288656  0.169709
-0.561001 0.0498488  0.826313 0.0960884
        0         0         0         1
  0.85046  0.430679  0.302048 -0.220823
-0.390365   0.90159 -0.186415 0.0534089
-0.352609 0.0406292  0.934888  0.041914
        0         0         0         1
           1  8.62665e-05  7.15256e-05 -6.00517e-06
-8.64975e-05            1  0.000158474 -2.42591e-05
-7.15554e-05 -0.000158429            1  4.77433e-05
           0            0            0            1
