 0.752241  0.447552   0.48356 -0.370771
-0.345485  0.892844 -0.288912  0.169645
-0.561047 0.0502688  0.826256  0.095932
        0         0         0         1
 0.850554  0.430474  0.302076 -0.220826
-0.390127  0.901682 -0.186466 0.0533715
-0.352645 0.0407518  0.934869 0.0418628
        0         0         0         1
           1 -0.000104934  -9.2566e-05 -1.98856e-05
 0.000104964            1  7.78139e-05 -1.39475e-05
 9.25362e-05  -7.7799e-05            1  2.25306e-05
           0            0            0            1
