 0.752334   0.44739  0.483565 -0.370721
 -0.34548  0.892935 -0.288635  0.169611
-0.560925 0.0500876   0.82635   0.09603
        0         0         0         1
 0.850551  0.430515  0.302025 -0.220812
-0.390165  0.901662 -0.186485 0.0533968
-0.352609 0.0407755  0.934882 0.0418459
        0         0         0         1
           1 -0.000197668 -3.93391e-05  6.05881e-05
 0.000197463            1  -0.00014694  8.52346e-06
 3.93689e-05  0.000146955            1 -6.81281e-05
           0            0            0            1
