 0.752274  0.447461  0.483593 -0.370689
 -0.34543  0.892892 -0.288829   0.16963
-0.561036 0.0502309  0.826266 0.0959761
        0         0         0         1
  0.85049  0.430582  0.302103 -0.220826
-0.390243  0.901634 -0.186457 0.0534024
-0.352671 0.0406859  0.934863 0.0419238
        0         0         0         1
           1  4.94793e-05  2.72095e-05 -1.22562e-05
-4.95054e-05            1 -8.14199e-05  4.58956e-06
-2.72095e-05  8.14348e-05            1 -6.41942e-05
           0            0            0            1
