 0.752219   0.44769  0.483467 -0.370764
-0.345581  0.892771  -0.28902  0.169674
-0.561017 0.0503298  0.826273 0.0959463
        0         0         0         1
 0.850499  0.430578  0.302081 -0.220816
-0.390225  0.901633 -0.186499 0.0533914
-0.352669 0.0407379  0.934861 0.0418934
        0         0         0         1
           1  1.26809e-05  0.000111014 -5.28991e-06
-1.24685e-05            1 -8.62032e-05  6.67572e-06
-0.000111014  8.61734e-05            1 -6.40154e-05
           0            0            0            1
