 0.752214  0.447673  0.483491 -0.370759
-0.345567   0.89278  -0.28901  0.169689
-0.561033 0.0503188  0.826263 0.0959513
        0         0         0         1
 0.850463  0.430669  0.302055 -0.220858
-0.390195  0.901576 -0.186836 0.0534251
 -0.35279 0.0410361  0.934802 0.0418023
        0         0         0         1
           1  0.000152703  3.55244e-05 -4.00767e-05
-0.000152864            1 -0.000217333  3.72529e-06
-3.56138e-05  0.000217363            1 -6.52075e-05
           0            0            0            1
