 0.752042  0.447766  0.483672 -0.370751
 -0.34578  0.892753 -0.288839  0.169707
-0.561131  0.049975  0.826217 0.0960487
        0         0         0         1
 0.850478  0.430596  0.302116 -0.220804
-0.390287  0.901631  -0.18638  0.053424
-0.352652 0.0406001  0.934873 0.0419348
        0         0         0         1
           1 -8.96677e-05   5.1856e-06  3.32519e-05
 8.97199e-05            1 -0.000127614  1.39773e-05
 -5.1558e-06  0.000127643            1 -5.60284e-05
           0            0            0            1
