 0.752252  0.447576  0.483521 -0.370739
-0.345744  0.892852 -0.288577  0.169714
-0.560873 0.0499081  0.826396 0.0960617
        0         0         0         1
 0.850445  0.430759  0.301977 -0.220916
-0.390485  0.901556  -0.18633 0.0534576
-0.352512 0.0405457  0.934928 0.0419667
        0         0         0         1
           1  4.31538e-05  2.99513e-05 -2.16588e-05
-4.30718e-05            1   0.00026764  1.11461e-05
-2.99513e-05 -0.000267699            1  0.000108361
           0            0            0            1
