  0.972552  0.0148364   0.232214  -0.192118
-0.0108263    0.99977 -0.0185335  0.0425052
 -0.232436  0.0155108   0.972488 -0.0164542
         0          0          0          1
           1  2.76199e-05 -7.36509e-05 -3.25851e-05
-2.73852e-05            1 -0.000134321 -8.58307e-06
 7.36453e-05  0.000134325            1  -5.4419e-05
           0            0            0            1
 0.850549 -0.390256 -0.352515  0.223408
 0.430592  0.901625 0.0407753 0.0452004
 0.301923 -0.186471  0.934918 0.0374663
        0         0         0         1
