  0.972335  0.0147753   0.233123  -0.192024
-0.0106663   0.999765 -0.0188766  0.0424962
 -0.233347  0.0158678   0.972264 -0.0167314
         0          0          0          1
           1 -0.000742199  5.99027e-05  4.31151e-05
  0.00074236            1  2.36463e-05  0.000110686
-5.99232e-05 -2.36016e-05            1 -0.000426352
           0            0            0            1
 0.850573 -0.390557 -0.352124  0.223357
 0.430738  0.901568 0.0404958 0.0453117
 0.301648 -0.186117  0.935077 0.0371239
        0         0         0         1
