  0.972566  0.0146885    0.23216   -0.19213
-0.0106107   0.999767 -0.0188042  0.0424716
 -0.232382   0.015825   0.972496 -0.0165676
         0          0          0          1
           1 -6.05088e-05 -0.000259794 -3.15486e-05
 6.04213e-05            1 -0.000241554  1.12355e-05
 0.000259809  0.000241539            1 -0.000120759
           0            0            0            1
 0.850438 -0.390318 -0.352714  0.223395
 0.430499  0.901697 0.0401591  0.045229
 0.302367 -0.185996  0.934869 0.0373142
        0         0         0         1
