   0.972543   0.0139715    0.232305   -0.191958
-0.00988016    0.999775  -0.0187662   0.0423284
  -0.232515   0.0159558    0.972462  -0.0169551
          0           0           0           1
    0.999999  -0.00121953 -0.000859486  2.23564e-06
  0.00121948     0.999999 -5.74114e-05  8.02875e-05
  0.00085956  5.63636e-05            1 -0.000448704
           0            0            0            1
 0.849916 -0.391005 -0.353211   0.22331
 0.431308  0.901314 0.0400814 0.0454876
 0.302682 -0.186409  0.934684 0.0372875
        0         0         0         1
