  0.972671  0.0143734    0.23174  -0.192105
-0.0104452    0.99978 -0.0181684  0.0424219
 -0.231951  0.0152513   0.972608 -0.0165262
         0          0          0          1
           1 -0.000386723 -0.000355531  2.89567e-05
 0.000386697            1 -0.000191563  2.15471e-05
 0.000355607  0.000191431            1 -0.000131667
           0            0            0            1
 0.850434 -0.390838 -0.352146  0.223462
 0.431147  0.901358 0.0408278 0.0453953
 0.301452 -0.186548  0.935054 0.0374922
        0         0         0         1
