  0.972322  0.0150288    0.23316  -0.192195
-0.0108717   0.999759 -0.0191036  0.0425103
 -0.233391    0.01604   0.972251 -0.0163903
         0          0          0          1
           1 -0.000407491  0.000235001 -0.000155615
 0.000407632            1 -0.000547921   9.7394e-05
-0.000234777  0.000548018            1 -0.000231266
           0            0            0            1
 0.850823 -0.390699  -0.35136  0.223302
  0.43073  0.901572 0.0405051  0.045338
 0.300951 -0.185804  0.935364 0.0373428
        0         0         0         1
