 0.752398  0.447712  0.483168 -0.370865
-0.345967  0.892783 -0.288524  0.169751
 -0.56054 0.0499245  0.826622 0.0959645
        0         0         0         1
 0.850517  0.430719  0.301831 -0.220891
-0.390584  0.901587 -0.185972 0.0534684
-0.352228 0.0402816  0.935047 0.0419968
        0         0         0         1
           1 -0.000137303 -3.39448e-05  4.54858e-05
 0.000137448            1  0.000259697  1.47223e-05
 3.39746e-05 -0.000259742            1   7.4625e-05
           0            0            0            1
