  0.972315  0.0151644    0.23318  -0.192266
-0.0110548    0.99976 -0.0189202   0.042481
 -0.233411  0.0158186    0.97225 -0.0163309
         0          0          0          1
           1 -0.000160232  0.000411518 -0.000268702
  0.00016062            1 -0.000566851  5.59986e-05
-0.000411427  0.000566918            1 -0.000239074
           0            0            0            1
 0.850873 -0.390796 -0.351134  0.223326
 0.430761   0.90156 0.0404317 0.0453322
 0.300768 -0.185657  0.935452 0.0372516
        0         0         0         1
