  0.972311   0.015083   0.233203  -0.192214
-0.0109293   0.999758 -0.0190933  0.0425045
 -0.233435  0.0160158   0.972241 -0.0163536
         0          0          0          1
           1 -0.000251829  0.000222705 -0.000195908
 0.000252072            1 -0.000470156  7.06911e-05
 -0.00022259  0.000470216            1 -0.000225484
           0            0            0            1
 0.850927 -0.390664 -0.351148  0.223353
 0.430582  0.901652 0.0402983 0.0453001
  0.30087 -0.185489  0.935453 0.0372586
        0         0         0         1
