  0.972516    0.01438   0.232393  -0.192107
-0.0102697   0.999769 -0.0188885  0.0424426
  -0.23261  0.0159827   0.972438 -0.0165328
         0          0          0          1
           1   -0.0002816  0.000113694 -5.05336e-06
 0.000281418            1  -0.00023185  5.08726e-05
-0.000113627   0.00023188            1 -0.000102758
           0            0            0            1
 0.850509 -0.390596 -0.352235  0.223433
 0.430687  0.901608 0.0401414 0.0452801
 0.301899 -0.185844   0.93505 0.0372629
        0         0         0         1
