  0.972668  0.0149572   0.231717  -0.192065
-0.0108492   0.999761 -0.0189917  0.0424803
 -0.231945  0.0159587   0.972598 -0.0166382
         0          0          0          1
    0.999999 -0.000428165  -0.00126135  -6.2916e-05
 0.000427723            1 -0.000594045  7.43568e-05
   0.0012616   0.00059351     0.999999 -0.000249207
           0            0            0            1
  0.85051 -0.390428 -0.352419  0.223395
  0.43062   0.90163 0.0403619 0.0453057
 0.301993 -0.186087  0.934972 0.0375816
        0         0         0         1
