  0.972652  0.0149871   0.231783  -0.192073
-0.0110752   0.999774 -0.0181686  0.0425625
 -0.232003  0.0151047   0.972598 -0.0166287
         0          0          0          1
    0.999999 -0.000550835  -0.00132618 -6.37304e-06
 0.000551545            1  0.000515248  0.000154138
  0.00132589 -0.000515978     0.999999 -0.000107884
           0            0            0            1
  0.85042 -0.390415 -0.352652   0.22339
 0.430951  0.901431 0.0412797  0.045481
 0.301775 -0.187081  0.934844  0.037653
        0         0         0         1
