  0.972472  0.0146874   0.232558   -0.19207
-0.0106225   0.999768 -0.0187217  0.0424992
 -0.232779  0.0157359   0.972402 -0.0166381
         0          0          0          1
           1   3.0646e-05   0.00010252 -1.60048e-05
-3.06015e-05            1 -0.000160332  3.40939e-05
-0.000102522  0.000160329            1 -0.000244021
           0            0            0            1
 0.850425 -0.390432 -0.352619   0.22349
  0.43065  0.901618 0.0403127 0.0452688
 0.302188 -0.186138  0.934898 0.0372122
        0         0         0         1
