  0.972286  0.0149446   0.233318  -0.192167
 -0.010769   0.999758 -0.0191613  0.0424928
 -0.233548  0.0161177   0.972211 -0.0163851
         0          0          0          1
           1  -0.00020838   0.00026392 -0.000210819
 0.000208376            1 -0.000322197  6.49095e-05
-0.000263846   0.00032225            1 -0.000157833
           0            0            0            1
 0.850734 -0.390298 -0.352021  0.223207
 0.430424   0.90172 0.0404436 0.0452034
  0.30164 -0.185925  0.935117 0.0374181
        0         0         0         1
