  0.972578  0.0139759   0.232156  -0.191988
-0.0100618   0.999787 -0.0180363  0.0423497
 -0.232358  0.0152058   0.972511 -0.0165897
         0          0          0          1
    0.999999  -0.00134138 -0.000936612 -1.36769e-05
  0.00134206     0.999999  0.000675974   0.00014624
 0.000935705 -0.000677228            1 -3.51667e-06
           0            0            0            1
 0.849818 -0.391258 -0.353166  0.223399
 0.431834  0.901025 0.0409075 0.0456601
 0.302206 -0.187273  0.934666 0.0377636
        0         0         0         1
