  0.972603   0.014627   0.232013  -0.192116
-0.0105711   0.999769 -0.0187162  0.0424626
 -0.232233  0.0157508   0.972533 -0.0167133
         0          0          0          1
           1 -0.000349833 -0.000514084  3.53437e-05
  0.00034954            1  3.92692e-06  4.64618e-05
 0.000514084 -4.11412e-06            1 -0.000172615
           0            0            0            1
  0.85029  -0.39047 -0.352901   0.22345
 0.430765  0.901561 0.0403588 0.0453059
 0.302403 -0.186334   0.93479 0.0373105
        0         0         0         1
