  0.972267  0.0144025    0.23343  -0.191776
 -0.010058   0.999753 -0.0197914  0.0425729
 -0.233657  0.0168947   0.972172 -0.0166535
         0          0          0          1
           1  0.000341902   0.00027943 -0.000234413
-0.000341529            1 -0.000430008  1.29342e-05
-0.000279579  0.000429915            1 -0.000224352
           0            0            0            1
 0.850792 -0.389268 -0.353019  0.223065
 0.429492  0.902172  0.040285 0.0450672
 0.302802 -0.185893  0.934749 0.0373615
        0         0         0         1
