  0.972481  0.0143549   0.232539  -0.192117
-0.0102877   0.999772 -0.0186945  0.0423812
 -0.232754  0.0157877   0.972407  -0.016663
         0          0          0          1
           1 -0.000596537  2.83848e-05  2.95686e-05
 0.000596669            1  8.04849e-05  1.01328e-06
-2.84389e-05 -8.04681e-05            1 -0.000147462
           0            0            0            1
 0.850282 -0.390854 -0.352497  0.223475
 0.431057  0.901426 0.0402688 0.0453749
 0.302011 -0.186186  0.934946 0.0371976
        0         0         0         1
