  0.972227  0.0147927   0.233574   -0.19209
-0.0107038   0.999767 -0.0187635  0.0425453
 -0.233797  0.0157422   0.972158 -0.0162001
         0          0          0          1
           1 -0.000611968  0.000426542 -0.000144086
 0.000612282            1 -0.000214264  4.17531e-05
 -0.00042641  0.000214526            1 -0.000115216
           0            0            0            1
  0.85059 -0.390618 -0.352017  0.223241
 0.430834  0.901515 0.0406666 0.0453866
 0.301463 -0.186251   0.93511 0.0374726
        0         0         0         1
