  0.972242  0.0145269   0.233527  -0.192026
-0.0103381   0.999763 -0.0191504  0.0425207
  -0.23375  0.0162046   0.972162 -0.0163314
         0          0          0          1
           1 -0.000573372  0.000342691 -0.000160029
 0.000573642            1 -0.000533801  7.78735e-05
-0.000342386  0.000533996            1 -0.000215948
           0            0            0            1
 0.850662 -0.390453 -0.352023  0.223211
 0.430586  0.901643  0.040436 0.0453283
  0.30161 -0.185973  0.935118 0.0374291
        0         0         0         1
