  0.972212  0.0146439   0.233643   -0.19207
-0.0105051   0.999765 -0.0189491  0.0425381
 -0.233865  0.0159681   0.972138 -0.0162468
         0          0          0          1
           1  -0.00065048  0.000274086 -0.000189912
 0.000650525            1 -0.000467296  6.82771e-05
-0.000273775  0.000467474            1 -0.000186205
           0            0            0            1
 0.850576 -0.390576 -0.352095  0.223191
 0.430776  0.901547 0.0405708 0.0453646
 0.301584 -0.186182  0.935085 0.0374587
        0         0         0         1
