   0.97226   0.014478   0.233454   -0.19204
-0.0103445   0.999768 -0.0189198  0.0425304
 -0.233673    0.01598   0.972184 -0.0163006
         0          0          0          1
           1 -0.000623482  0.000243029 -0.000145839
  0.00062351            1 -0.000346532  5.54919e-05
-0.000242811  0.000346682            1 -0.000141025
           0            0            0            1
 0.850519 -0.390596 -0.352209  0.223221
 0.430858  0.901502 0.0406835 0.0453738
 0.301627 -0.186354  0.935037 0.0375802
        0         0         0         1
