   0.97221  0.0146837   0.233648  -0.192085
-0.0104738    0.99976 -0.0192486  0.0425573
 -0.233875  0.0162664   0.972131 -0.0163727
         0          0          0          1
           1 -0.000648276  0.000300897 -0.000118233
 0.000648337            1 -0.000433239  2.75075e-05
-0.000300614  0.000433435            1 -0.000176907
           0            0            0            1
 0.850655 -0.390448 -0.352046  0.223163
 0.430616  0.901625 0.0405299 0.0452849
 0.301589 -0.186074  0.935105 0.0374477
        0         0         0         1
