  0.972215  0.0148105   0.233623  -0.192105
-0.0106473   0.999762 -0.0190712  0.0425913
 -0.233849  0.0160538    0.97214 -0.0162777
         0          0          0          1
           1 -0.000445524  0.000251861 -0.000192225
 0.000445743            1 -0.000322053  6.67274e-05
-0.000251716  0.000322166            1 -0.000119209
           0            0            0            1
 0.850708 -0.390295 -0.352089   0.22317
 0.430506  0.901672  0.040662 0.0452952
 0.301598 -0.186168  0.935083 0.0375248
        0         0         0         1
