  0.972227  0.0144214   0.233595  -0.191969
-0.0102429   0.999765  -0.019093  0.0425099
 -0.233816    0.01617   0.972146 -0.0163482
         0          0          0          1
           1  -0.00067403  0.000407282 -9.20412e-05
 0.000674167            1 -0.000495262  7.28667e-05
-0.000406945  0.000495531            1 -0.000207603
           0            0            0            1
 0.850426 -0.390816 -0.352191  0.223327
  0.43105  0.901416 0.0405704 0.0454391
 0.301615 -0.186314  0.935048 0.0375459
        0         0         0         1
