  0.972242  0.0144785   0.233532  -0.192005
-0.0103544   0.999768 -0.0188759  0.0425263
 -0.233751  0.0159339   0.972166 -0.0162746
         0          0          0          1
           1 -0.000731786  0.000315638 -0.000134775
 0.000731839            1 -0.000368735  5.27799e-05
-0.000315361  0.000368966            1 -0.000160158
           0            0            0            1
 0.850534 -0.390662   -0.3521  0.223256
 0.430884  0.901493 0.0406227 0.0453942
 0.301546 -0.186265   0.93508 0.0375253
        0         0         0         1
