  0.972223  0.0146819   0.233593  -0.192022
-0.0105172   0.999763 -0.0190655  0.0425408
 -0.233818  0.0160792   0.972147 -0.0162882
         0          0          0          1
           1 -0.000438621  0.000385977  -0.00017668
 0.000438624            1 -0.000478209  4.90248e-05
-0.000385767  0.000478378            1 -0.000222504
           0            0            0            1
 0.850703  -0.39034  -0.35205  0.223206
 0.430585  0.901628 0.0407856 0.0453165
 0.301498 -0.186284  0.935092 0.0375255
        0         0         0         1
