  0.972247  0.0146606   0.233497  -0.192014
-0.0105274   0.999765 -0.0189384  0.0425627
  -0.23372  0.0159547   0.972173  -0.016271
         0          0          0          1
           1 -0.000685639  0.000230843 -9.72869e-05
 0.000685764     0.999999 -0.000714454  7.40588e-05
 -0.00023035  0.000714613            1 -0.000280619
           0            0            0            1
 0.850657  -0.39044  -0.35205  0.223189
  0.43058  0.901646   0.04044 0.0453303
 0.301635 -0.185986  0.935107 0.0373951
        0         0         0         1
