  0.972219  0.0149505   0.233594  -0.192163
-0.0107807   0.999759 -0.0191178  0.0426281
 -0.233823  0.0160683   0.972146 -0.0162824
         0          0          0          1
           1 -0.000432119  0.000274867 -0.000208875
 0.000432079            1 -0.000347289  6.63102e-05
 -0.00027472  0.000347405            1 -0.000154018
           0            0            0            1
 0.850706 -0.390375 -0.352003  0.223171
 0.430559  0.901648 0.0406179 0.0453179
 0.301527 -0.186112  0.935117 0.0374392
        0         0         0         1
