  0.972231  0.0146424   0.233563  -0.192056
-0.0105358   0.999767 -0.0188207  0.0425628
 -0.233784  0.0158373   0.972159 -0.0162579
         0          0          0          1
           1 -0.000528496  0.000480328 -0.000153725
 0.000528881            1 -0.000325132  0.000112891
-0.000480155  0.000325389            1 -0.000153601
           0            0            0            1
 0.850747 -0.390478  -0.35179  0.223167
 0.430605  0.901628 0.0405647 0.0453514
 0.301344 -0.185993  0.935199 0.0373738
        0         0         0         1
