  0.972282  0.0145973   0.233354  -0.192076
-0.0104536   0.999765 -0.0189838  0.0425252
 -0.233576  0.0160182   0.972207 -0.0163008
         0          0          0          1
           1 -0.000487802  0.000232315 -0.000221591
 0.000487918            1 -0.000341742  5.83529e-05
-0.000232143  0.000341857            1 -0.000168622
           0            0            0            1
 0.850676 -0.390402 -0.352048  0.223151
  0.43059  0.901634 0.0405988 0.0453052
 0.301568 -0.186125  0.935101 0.0374526
        0         0         0         1
