  0.972214  0.0148012   0.233627  -0.192143
-0.0106373   0.999762 -0.0190723   0.042544
 -0.233853  0.0160572   0.972139 -0.0163227
         0          0          0          1
           1 -0.000647521   0.00038068 -0.000159792
 0.000647638            1 -0.000313572  2.92957e-05
-0.000380477  0.000313818            1 -0.000121295
           0            0            0            1
 0.850677 -0.390515  -0.35192  0.223179
 0.430662  0.901603 0.0405339 0.0453465
 0.301463  -0.18604  0.935152 0.0374182
        0         0         0         1
