  0.972267  0.0147426   0.233409  -0.192085
-0.0105359   0.999759 -0.0192593  0.0425313
 -0.233636  0.0162659   0.972188 -0.0164067
         0          0          0          1
           1 -0.000670151  0.000359921 -0.000131223
 0.000670511            1 -0.000470476  6.47306e-05
-0.000359606  0.000470716            1 -0.000198603
           0            0            0            1
 0.850534 -0.390775 -0.351977  0.223273
 0.430851  0.901526 0.0402305  0.045383
 0.301595 -0.185867  0.935144 0.0373529
        0         0         0         1
