    0.9723  0.0144614   0.233289  -0.192006
-0.0103146   0.999767 -0.0189841  0.0425079
 -0.233509  0.0160519   0.972222 -0.0163537
         0          0          0          1
           1  -0.00084364  0.000171656 -7.34087e-05
 0.000843723            1  -0.00031126  8.53539e-05
-0.000171388  0.000311405            1 -0.000143766
           0            0            0            1
 0.850499 -0.390686 -0.352159  0.223238
 0.430899  0.901489 0.0405486 0.0454058
 0.301626 -0.186231  0.935062 0.0374904
        0         0         0         1
