  0.972233  0.0146541   0.233558  -0.192054
-0.0105168   0.999765 -0.0189489   0.042511
  -0.23378  0.0159664   0.972159 -0.0162537
         0          0          0          1
           1 -0.000625793   0.00032408 -0.000153046
  0.00062588            1 -0.000445254  5.37336e-05
-0.000323793  0.000445457            1 -0.000186563
           0            0            0            1
 0.850601 -0.390541 -0.352073   0.22324
 0.430742  0.901562 0.0405969 0.0453485
  0.30156 -0.186184  0.935092 0.0374671
        0         0         0         1
