  0.972262  0.0144808   0.233446     -0.192
-0.0103307   0.999766 -0.0189902  0.0425432
 -0.233666  0.0160518   0.972184 -0.0162986
         0          0          0          1
           1 -0.000589502    0.0002503 -0.000144869
 0.000589625            1 -0.000261752  0.000103056
-0.000250146  0.000261898            1 -0.000128031
           0            0            0            1
  0.85057 -0.390576  -0.35211  0.223243
 0.430762  0.901556   0.04052 0.0453509
  0.30162 -0.186141  0.935081 0.0374621
        0         0         0         1
