  0.972253  0.0146575   0.233474  -0.192016
-0.0105383   0.999766 -0.0188793  0.0425768
 -0.233696   0.015895    0.97218 -0.0162601
         0          0          0          1
           1 -0.000615029  0.000184329 -8.79532e-05
 0.000615043            1 -0.000348351  9.63807e-05
-0.000184119  0.000348465            1 -0.000172913
           0            0            0            1
 0.850645 -0.390391 -0.352132  0.223173
 0.430664  0.901589 0.0408083 0.0453126
 0.301547 -0.186364  0.935061 0.0375514
        0         0         0         1
