  0.972263  0.0145985   0.233434  -0.192062
-0.0104931   0.999768 -0.0188204  0.0425559
 -0.233655  0.0158489    0.97219  -0.016263
         0          0          0          1
           1 -0.000612863  0.000303358 -0.000169981
 0.000612941            1 -0.000481964  8.49366e-05
-0.000303062   0.00048215            1 -0.000172913
           0            0            0            1
 0.850565 -0.390533 -0.352168  0.223166
 0.430768  0.901547 0.0406415 0.0453587
 0.301624 -0.186271  0.935054 0.0375012
        0         0         0         1
