 0.752334  0.447465  0.483497 -0.370702
 -0.34553  0.892895   -0.2887  0.169615
-0.560895 0.0501359  0.826367 0.0959897
        0         0         0         1
 0.850538  0.430602  0.301937 -0.220847
-0.390275  0.901622 -0.186451 0.0533762
-0.352519  0.040745  0.934917 0.0419011
        0         0         0         1
           1  4.06615e-05 -2.40207e-05   3.8892e-06
-4.05498e-05            1  8.96752e-05 -1.88351e-05
 2.40505e-05 -8.97497e-05            1  5.84126e-06
           0            0            0            1
