 0.752221  0.447632  0.483518 -0.370753
-0.345558  0.892804 -0.288947   0.16971
-0.561029 0.0502685  0.826268 0.0959494
        0         0         0         1
 0.850478  0.430624  0.302076 -0.220844
 -0.39026  0.901611 -0.186534 0.0534202
-0.352681 0.0407551  0.934856 0.0418871
        0         0         0         1
           1  0.000125177  6.59525e-05 -2.27615e-05
-0.000124998            1 -4.50015e-06  3.02792e-05
-6.59525e-05  4.42564e-06            1  -2.2769e-05
           0            0            0            1
