 0.752204  0.447576  0.483596 -0.370748
-0.345562  0.892839 -0.288835   0.16963
-0.561049 0.0501504  0.826262 0.0960212
        0         0         0         1
  0.85052  0.430563  0.302046 -0.220814
-0.390149  0.901633 -0.186659 0.0533924
-0.352703 0.0409145   0.93484  0.041871
        0         0         0         1
           1 -0.000190329  3.18885e-06  6.79046e-05
 0.000190251            1  1.36793e-05  1.46925e-05
-3.30806e-06 -1.36495e-05            1  2.92063e-05
           0            0            0            1
