 0.752225  0.447567  0.483572  -0.37076
-0.345522   0.89284 -0.288882  0.169688
-0.561046 0.0502199   0.82626 0.0959623
        0         0         0         1
 0.850496  0.430547  0.302136 -0.220818
-0.390207  0.901651 -0.186452 0.0534419
-0.352698 0.0406814  0.934853 0.0419258
        0         0         0         1
           1 -1.35787e-05  6.72638e-05 -8.49366e-07
 1.36532e-05            1 -0.000235677  3.17693e-05
-6.72936e-05  0.000235677            1 -0.000105679
           0            0            0            1
