 0.752332  0.447512  0.483456 -0.370717
-0.345614  0.892875 -0.288661  0.169621
-0.560845   0.05008  0.826405 0.0960158
        0         0         0         1
 0.850561  0.430504  0.302014 -0.220819
-0.390146  0.901666 -0.186507 0.0533784
-0.352607 0.0408059  0.934881 0.0418779
        0         0         0         1
           1 -0.000102255  4.97997e-05  1.62199e-05
 0.000102289            1 -7.60555e-05  6.70552e-06
-4.98295e-05  7.61002e-05            1 -2.86698e-05
           0            0            0            1
