 0.752399  0.447246  0.483598 -0.370673
-0.345336  0.893005 -0.288592  0.169558
-0.560927 0.0501324  0.826346 0.0959981
        0         0         0         1
 0.850644  0.430286  0.302092 -0.220765
 -0.38996  0.901773 -0.186377 0.0533466
-0.352614  0.040737  0.934882 0.0418946
        0         0         0         1
           1 -0.000102144  1.07288e-06  2.04593e-05
 0.000102021            1 -0.000116006  2.07126e-05
-1.07288e-06  0.000116035            1 -4.48227e-05
           0            0            0            1
