 0.752177  0.447581  0.483633 -0.370679
-0.345729  0.892852 -0.288595  0.169663
-0.560982 0.0498689  0.826324 0.0960815
        0         0         0         1
 0.850434  0.430727  0.302055 -0.220819
-0.390374  0.901564 -0.186523 0.0534206
-0.352662 0.0407109  0.934865 0.0418989
        0         0         0         1
           1  3.44515e-05  4.63426e-05  2.43634e-06
-3.46638e-05            1  0.000113279 -8.55327e-06
-4.63128e-05 -0.000113279            1  4.63724e-05
           0            0            0            1
