 0.752175   0.44766  0.483563 -0.370742
 -0.34578  0.892809 -0.288667  0.169673
-0.560954 0.0499218   0.82634 0.0960566
        0         0         0         1
 0.850435  0.430633  0.302186 -0.220843
-0.390338  0.901617 -0.186341 0.0534073
  -0.3527 0.0405161  0.934858 0.0420029
        0         0         0         1
           1  0.000245322  5.31673e-05 -3.67016e-05
-0.000245422            1 -3.89814e-05 -3.59118e-05
-5.32269e-05  3.90112e-05            1   -5.126e-06
           0            0            0            1
