 0.752167  0.447548   0.48368 -0.370727
-0.345702   0.89287 -0.288572  0.169621
-0.561013 0.0498453  0.826305 0.0960728
        0         0         0         1
 0.850622  0.430357   0.30205 -0.220755
-0.390097  0.901746 -0.186219  0.053353
-0.352513 0.0405727  0.934927 0.0419579
        0         0         0         1
           1 -0.000193432 -8.04663e-07   6.4224e-05
 0.000193503            1   0.00024727  7.89762e-06
 7.15256e-07 -0.000247315            1  7.95722e-05
           0            0            0            1
