 0.752201  0.447575    0.4836 -0.370713
-0.345539  0.892837 -0.288867  0.169658
-0.561066 0.0501835  0.826248  0.095979
        0         0         0         1
 0.850564  0.430575  0.301904 -0.220812
 -0.39009  0.901615 -0.186868 0.0534073
-0.352661 0.0411732  0.934845 0.0417791
        0         0         0         1
           1  9.15863e-05 -9.24766e-05 -5.11035e-05
-9.16496e-05            1 -0.000101075  1.39177e-05
 9.25064e-05  0.000101045            1 -3.21865e-05
           0            0            0            1
