 0.752304  0.447463  0.483546 -0.370711
-0.345555    0.8929 -0.288654  0.169634
 -0.56092 0.0500634  0.826355 0.0960142
        0         0         0         1
 0.850527  0.430611  0.301956 -0.220827
-0.390287  0.901619 -0.186439 0.0534208
-0.352532 0.0407221  0.934913 0.0419435
        0         0         0         1
           1  0.000191513 -6.61016e-05 -4.42192e-05
 -0.00019151            1 -8.17925e-05 -5.63264e-06
 6.59823e-05  8.18372e-05            1 -1.19209e-05
           0            0            0            1
