   0.7523  0.447423  0.483588 -0.370714
-0.345451  0.892915 -0.288733  0.169582
-0.560989 0.0501582  0.826303 0.0959901
        0         0         0         1
 0.850569  0.430522  0.301967 -0.220866
-0.390109   0.90165 -0.186662  0.053357
 -0.35263  0.040969  0.934866 0.0418676
        0         0         0         1
           1 -0.000151034  3.34978e-05  2.18973e-05
 0.000150926            1 -6.52671e-05 -1.86861e-05
-3.34978e-05  6.52522e-05            1  -9.0003e-06
           0            0            0            1
