 0.752236  0.447751  0.483384 -0.370786
-0.345661  0.892741 -0.289018  0.169702
-0.560945 0.0503228  0.826323 0.0959321
        0         0         0         1
 0.850517  0.430631  0.301955 -0.220847
-0.390269  0.901605 -0.186546 0.0534251
-0.352577 0.0408172  0.934892 0.0418759
        0         0         0         1
           1  -8.6166e-06 -4.26173e-06   2.0124e-05
 8.94815e-06            1 -0.000169158 -3.36766e-06
 4.32134e-06  0.000169069            1 -5.07236e-05
           0            0            0            1
