 0.752224  0.447569  0.483571  -0.37073
-0.345687  0.892853 -0.288642  0.169717
-0.560945 0.0499596  0.826344 0.0960277
        0         0         0         1
 0.850554  0.430507  0.302029 -0.220808
-0.390234  0.901674  -0.18628 0.0534073
-0.352527 0.0405797  0.934921 0.0419545
        0         0         0         1
           1  0.000114344  4.95315e-05 -5.53131e-05
-0.000114623            1  2.65241e-05  2.26796e-05
-4.95017e-05 -2.64645e-05            1   8.9407e-06
           0            0            0            1
