 0.752366  0.447322  0.483579 -0.370697
-0.345438  0.892971 -0.288576   0.16957
-0.560908 0.0500683  0.826363 0.0959908
        0         0         0         1
 0.850588  0.430429  0.302044  -0.22076
-0.390062    0.9017 -0.186516  0.053365
-0.352635 0.0408323   0.93487 0.0418739
        0         0         0         1
           1 -0.000283867 -9.49204e-05  4.54783e-05
 0.000283621            1 -3.47346e-05  2.34842e-05
 9.48608e-05  3.47495e-05            1 -1.15037e-05
           0            0            0            1
