 0.752226  0.447452  0.483676 -0.370657
-0.345447  0.892901 -0.288781  0.169596
-0.561091 0.0501436  0.826234   0.09605
        0         0         0         1
 0.850554   0.43045   0.30211 -0.220749
-0.390059  0.901689 -0.186574  0.053389
 -0.35272  0.040851  0.934837 0.0418647
        0         0         0         1
           1 -6.42836e-05  0.000125319  4.17531e-05
 6.42575e-05            1 -0.000161782   1.4782e-05
-0.000125289  0.000161812            1 -5.65648e-05
           0            0            0            1
