 0.752136  0.447669  0.483616  -0.37072
-0.345718  0.892801 -0.288766  0.169671
-0.561044 0.0499961  0.826275 0.0960377
        0         0         0         1
 0.850457  0.430645  0.302104 -0.220831
-0.390319  0.901606 -0.186433 0.0533981
-0.352665 0.0406361  0.934867 0.0419283
        0         0         0         1
           1 -4.88646e-05  5.96046e-07  3.81693e-05
 4.87641e-05            1  9.24468e-05 -2.51532e-05
-5.66244e-07 -9.24617e-05            1  4.43459e-05
           0            0            0            1
