 0.752235  0.447546  0.483576 -0.370726
-0.345478  0.892847  -0.28891  0.169655
 -0.56106 0.0502635  0.826248 0.0959794
        0         0         0         1
 0.850459  0.430723  0.301989 -0.220884
-0.390307  0.901557 -0.186699 0.0533985
-0.352676 0.0409118  0.934851 0.0418647
        0         0         0         1
           1  9.60194e-05  6.63996e-05 -3.62843e-06
-9.59001e-05            1  5.28395e-05  2.77162e-06
-6.64294e-05 -5.28097e-05            1  1.13845e-05
           0            0            0            1
