 0.752115  0.447838  0.483492  -0.37082
-0.345691  0.892698 -0.289115  0.169732
-0.561089 0.0503086  0.826225 0.0959494
        0         0         0         1
 0.850453  0.430699  0.302042 -0.220882
-0.390351  0.901577 -0.186507 0.0534256
-0.352642 0.0407127  0.934872 0.0419302
        0         0         0         1
           1  5.83678e-05  2.73585e-05 -4.81009e-05
-5.85057e-05            1 -0.000133991 -2.58684e-05
-2.73585e-05  0.000134021            1 -3.42131e-05
           0            0            0            1
