 0.752215  0.447628  0.483531 -0.370751
-0.345729  0.892821 -0.288689  0.169684
-0.560932  0.049986  0.826351 0.0960157
        0         0         0         1
 0.850409   0.43082   0.30199 -0.220907
-0.390462  0.901518 -0.186562 0.0534332
-0.352624 0.0407384  0.934878 0.0419043
        0         0         0         1
           1   0.00028643  3.39746e-05 -9.44585e-05
-0.000286315            1  0.000245616 -4.02629e-05
 -3.3915e-05 -0.000245616            1  0.000100434
           0            0            0            1
